667505955395112487860620236070
902890693565964522709459029113
9642958640417678278853532475632647835724370679571435853662118
10057394250168058308064650664551176510441252207165531907946106487095670361565922506171990250

746143793755966682216167709498
645075936460237967910781484327
12032985162278121663072407286984647161411627221701673938054325
7762189171968707863115777656189977131830727648917728259563533828652323054673692240195991050

1145653654400413271834096082391
820242675428594811490900722269
939714018599941715236307777837139404763980864021264615263423
770793540754172500006716143309358029097403891309105152240214614936266106019584105584557762

775398261714393621238193845992
1131803231118709946329099158627
21939956450304544643874261630739481477224247735513550605019099
11881079163981949360966874093389244090807622016432723886739296444671391099239632292521215016

1093219791665804517281351973351
678647110253677922245158632384
6677194072375134421065009459299025260548527615629677189414287
4531458461820372529425105263024285157607735896522478823195253237190130250767665983628759104

730055102207225112614701549739
962897485710764947613047098581
2811872889382610344961975994674746729032091975504084956718404
1190091871244181594848363940034055697758702942075710039442363057127528694020071753834967239

815737403219843832081529967235
992383102405557221617865021785
20238100373889040121406193769916996521725636252262075155087375
16508975445098796139045104197443732137954133480338550994073555882103577976233447722973527500

1118517900733100834116964169335
639145072109211866838268807633
11438323269112032214976487959280660363760379705041226079944747
2627310070840882052663785489700614771426427311982073409439683559404908716127911469679970685

976328120990153573065536780139
960483374956888717860118626806
937746928713940288541189114643582309224536274943536210497435
900690334946622305466921242115644082106669929221984081536329577698886480800119776841201710

718684457861802214336517115256
933553758566387228757462669287
670930576860131800285982640677081566245147191441724471481311
482187377893630044641102254906199182960895172506324628683215926018729898476997798849035080

758613270799957242118522898742
764183141082962281357616480775
9275511554354099128984929259580441561922636620040244973352450
7088189554757625297921214728143316276166042495553719950260994840511028863806149238945746250

917334777791099204572522562779
853915663734957644319274011314
19583163391116159002720229639127970025141414457537836777225638
12166057574821454662575908031063163470933537786601452306602118849135320886715014753731685164

715932012244466835695651498559
699848497163822264642385664844
2004175771363045260415265563494563745261648225007512996947315
1402619401640571480450691426302268557294732537477655460831913783779082027559405191277085460

935072687781670941583394259655
1157641284183756277926067275156
9742308723798571234594556828446990214538884752477805305493919
9109766803561150484420984865794230262911869501738779173817424734407407748429459329063066720

890089922883682407805800524860
653743811337408110691560094550
9310252457903971299494398165014177506195296570212705848586200
1521629981585903490312230704318788718797718891312720236832492586077316042120028609016600000

1217291166122660697149749640668
1026826149641843391990457243860
11249517609924851127529083753167803214799947035345834273345492
7369672499059840344426865268369239131404398467617785381991379072949158255640303714790447040

922600763880108032793611396690
1128566519178631345424374598762
9370946994153478844897549745306229204059301527677119982475068
4700327569155222151641023804818418344509695453392427394101747807718538377732280808978193440

1215633657104179667709283569957
1056890071142955677008750825493
11563120281065470522631755033869463597020180554809662740510459
12220947016489838784426014152193518777441013060739502425139688180564143324286413944983005062

1117364418795712169760993634127
690968351450091986989920076388
19301586260606585381449628126880399508268054899885462992387632
13336785238863077872854714860906305449491066306904257643973763511290843511322963138068269616

869405479033886065230157762618
842450329496494853821365794818
18310773306953881600652140853031940193654647141004866735418750
6348051870059884878490146605884772082867902618401283615464581302632557731205129194120552836

1243998817157831727171373045398
882432764828054194110802983887
9879707841006730619440342085875697843961061782037418853523991
8718177905832975357451182780296479746952825872186121506463228305567365883291486218400213792

714845720026876153934936173575
1188764415601465932611086031844
21244578865323964076973067846241774710039276468629569097866544
10729613591597613266928413440413668151716075705492834081845589427629780233484196175238881200

823839202433049572045390847893
857912995591631418208898694122
17669558951128950026212066004765325842369693043417794549515097
15163233123663664625492627858336295030936417036277115656833369161297049354670786858388556862

1121415672604556733475149521861
668618564475704336995272403665
18744983429935379050628583161141948989001508786680406832478561
12533243912044257668151743299715483688682201929895133592840357879623668408100013969228597165

879393573209010681128373738024
1175264285813564038636743583355
4134079439066104322739282868581772019314663465528520451412680
4858635919450564529091335859598711089281730308222771399477950589087215376385752035083941400

759611463929267957982208737599
1071294004038200395450747054514
7323904860354940516260147695386402613901619768328166331856797
1489930828410819814180858126282151563831001230456710818366460283647360052948662032353507004

747593516764519988719526320342
846671549755222672457053578602
15824154035649329518327293726132000434250834255266003213047100
747593516764519988719526320342

719431235206145137425555463753
649172626784579713681088203926
11675876618741201068273692387654353572444099332648159107980924
5679180196062775526697762691990740132525171580946701012671016782425473202258936310781820772

913355386736094964517576185875
766664768647338827709207875180
2800949585059315714117878737886190229439427106000163091950120
2147389365622359969067827490734313802635491404525164471579929393980542031143207593605730000

1191526257289185001068620002894
1040688250206690326144199992837
4960029503094434533667319530553573122089985271153303077073949
1290461106137226693815312936452104722511605688047770542628099155263157825833167328466998686

902446771486974520207029153073
638709939701904597067793353859
5187615507005615753505135231644663729420089924328593752059879
3313381587676222082766117215941846774381952024867843966324006642705651223070541435613531180

925436958180382233952073593103
1174593746691450467295312286180
9783112176322508961682129583397916188583961775597363162120843
2282759551053640860126341850692725503983227293206744204038123861862885351746280267140157360

819165807159311835819883506261
919134423258582226742102150821
4495703500193640742788292109545
752923491716525071779625656960818968072831896939950919790281

638583034969629980137584899329
977021440124183560216997159500
623909316464899754237898444005784989733041860051398033010725
609572778879431347512322056303875428504935526279305174597247325872414711332517462991637500

1211380390602659021507082841416
1041368315687860300784301557642
1261493157019193339590529361736246027419070002199214690683538
1313679004176838853133172835695809626629783208476620187657072895102953207270676392872493296

1018823592894328903725203229616
993453417369097704650701097600
1012153780057133418908944320640676912812354134417799278195456
1005527631700809287212601656567351348432448616074462894765904785493512000131294966532505600

832150488910467240269564964043
1040366129925878031211909555016
3462964734654840346740046406715364707936164806370141884342859
720426949255682962803459408451651716962451229982584543072048597809014219417092886783978272

962150977262900630601512055465
874201820246898150838212961325
841114135675559646864379182886123115064281741549043101277750
735303508442970697549575022351558882111222498781212407989255567798690821804584718833018750

1073166483804716142861124094807
811267103064062387141037666871
870624664421698089708562130731764758151396916167566621084996
706309149361512473885218139704062156583401621959145966349072392782916122979106335253436875

1112093325933312514482358057713
722962601550467637123690481518
3216007536334639013614209873717620661429615271291274234798262
2325053175074400697176713480669223217179311642258134532496357705319535855979727863669937392

691654452512801155234755109664
1109004411783838161489980065133
12272765428266106713043710996678820430211431190532950264511189
8488512853105427638323792745249489736042294919124653341732511624702274047574076981050030496

1256984389804468671442456431699
1242831767961605017190805264371
1562220131480827079191470528134347225747312769990056302603513
1941576807953527361841427031662505929991572854775982896699042374014256270484159073558335323

702450351822232746663823695923
1098023223092637883772398538261
12340908789926487001535082416569193352382749899830015479105392
8668875721289945389094236411708198325762366829894052159513509207373580008542314954008565952

782057072007550483254065552242
900097002947718271200893906379
17598180666201602190101608775696447495359053366492206025258475
13762781644469509138921826902917500647692218029113395705201092472664135054024358440885086850

871162878956649870333169766490
945027596740186209646958053822
3293091847478658258138886108328270498240519688969624990583518
2868819374518180860624415838123055000609393784625506476727042522065535105658239140902711820

1230606264316657730424821745309
912538688661860694713011896703
10106782440287345809971587513417407410508241838273290064508927
2406699975305971048755515982774125228105984769136571816691269378167553019346177966233793632

1214162985801189599754173170550
754615497097239361592703302561
14659619281398929065896394018731354673465078521884499206179849
6222586438850134349500013775246645721238446279390170760157249048095061382614450577775798950

1091583627478207286677321129142
877605775365571517428751344565
8621820861924377560794179892141903040228943530502963548697330
3362915458929868220500420173803761164662039854348676236531084802849341053008030626802379800

992464907211214029686620546307
765913993755432941702113356560
12162284171908097859929319539156523836597131543527417263154395
9315263643294619770734805937410793977415733345780084211117068951547620027662217344590241200

1101049210603542993817064242695
1203310579400005242620807855892
11924137472033409443696917574328082422536737880091283053317427
3053055880114260879747767871166778883259258357369558796060462925983199697712229159296976720

654048056625929449846378782277
1037812704762774883993106471368
678779382691792389377062817143745483717668050663466721856797
704445867088575723115674800286505768474617223181304368955350570286607563279687989472896872

1142287582846062537302061222845
758262016900394731418020923211
10280588245614562835718551005605
7795379578042189067000012517842230902734732285177194535597655

740057913937205234692644309750
1240469020945234899469952346158
8262170243500120982103881910901303242836124728019839887574450
12008968648090828547373896081652331854949239588684928495602266927767893269887303467856791000

678597073493851755148514597950
732379116305068712275991780639
12424758125315822880893586986802160614918697474768274417874951
1713010055478244696165095736289681189831608651767611875795425588410263946306081304788222000

946673558527865540842616649200
872852407201421426640721062772
22767983738563401206860643218500
826306294394983152618565576923400864558603671064805503582400

1028980494222811157016355511182
981601001549293046811474858934
1010048283703797979542447887688249394381548579309493781073338
1039319982154436221400217250557303900524227098160320671246237901677599781007170439621065516

1074641359241134364895858872503
954126834547996646986678200110
9228097425303900321516310545276459106675329744619348666850913
2080185616182658243346162921715925503670121007294301043211634149466824045740824856127012620

1090344959734380704867026443247
1029239031061852408798777547387
4488902359520753904974451360112828613509272792776713650544892
4620153515044403797344245169830700548947661593365478108810680602215809358864181863778686128

1199282373534328783050782346036
740257508839366732493213386956
22194444555687127615101493468476132218181902131945839990502596
16429604236866398722241908213715947678288920568292928558962226448543526746655982502015402800

732086314652323058627284446608
738019860518447909827315332531
23521698802732335495273596466224
8644707837234752512760951104825513847552169328112349360077568

976303192968832326650569575990
796382668683860143603925506657
6997598480349831337985382953045071884684681088456466975139205
5572766152159122955949455577579987905478957744140967085578179597779843904218124748946296460

778440656850344261813422072846
736570505341153526615635105518
2293505711977430230773003628523144107916024898577514536186246
1689328661274037895636941209661126127059903864814132659252644227541488272788540410659097328

1261165376100764212224037809864
954199673219245046757537143670
30085089743769387205161961199085153234228087736471444119310776
13659218467821418766258907274944359913711935151778341246464474496805708101834563511794282880

777719033057275760249382246946
1221861680054948447245411977164
23756627108551823747532198546832173542188356833931675255310860
7600526939977480444247574204295176049335535403517902907642325918063231400619066771178091936

1254050778359700682176210404793
719859522769261724007933203690
22568509870960883522222865523072343158073421818638005532154250
1254050778359700682176210404793

1001124639866551798737575434376
1253670755902850277354832121302
20081290944231500024643471293820057533804388318268392951732782
25175327197559766629319787676304096721223530453170510824191656857965973988232070402659542064

1264125611829186694024213604321
1068883512832949506462819745538
41223091911226212908770717817867
33780075615852065552310048939722586938985960524710075931742450

682009672920034754767971998902
990359536636472880779118165735
16885869591366951151963029798516683650964188437151507623209740
14192019514452148301226873512668006653808699741982980365282516149478395001913774447697205300

791277785968221585261480596043
928040934311223356583784678761
2937352703158658331376962263146716861766381154388973940507580
2725983547040958795785448515343163536047753800006988458052514441685484888138097915585508380

1131587213915982671946437968556
913285029038427336387450882055
16535386584332341130127806281925359634105684339318043627343400
15101521016833583977239347659385268040162207027041470146632677446384173276185711256298594900

693019451778969257236571079497
925180318746636686209937150851
2564671829177944760310526289893140846540575530501056980437399
2372783900399370687683925168437748579290579686005749778999103171833033399314831870054858740

642437151525212594874588520794
634292033519366073503830607605
407492767249316208420843259187196921175723942056889107989584
258469415983002514206596090063232481850770072647367862244875750301795936332172072795842220

1082414902883032210582318830651
1244392095874038757769816049493
21551176793662569113382951260981766547168638222472823954673580
5831828734031831813172215636432127888683283219936858648320404435793335470972824384983891344

692733807585384686206795517731
1005673036146441562903187605052
2786654846062714672256700570335630083568045598738113326048459
2802463639732085001779306636983704886140089128508702540294136620325514299281750610530451604

638265863206961043279001956460
1248024647576027313002314162140
20948745170478135333984305560060
19914288224716910353630913064371726103805198994115641510610000

726724029458534034215519996205
754050830663661413167188671854
8767789729223211767303449589880061628158157177868517161760750
6784973426991559104702217604990251399554560430459016011277064742507202193939012520003880500

1102868315090237788371286930808
1124836783639165569082041091169
4962187393294595531255187372667045584070749109271704122067112
5581650907288307937790131122003301052770288279418455536077070058283691554561833837611948952

882062201681921351305282253597
786536597385543557622376799381
6243967825139695458221753419668267006913451535236308767951038
4911109207370188684310106525386938437202016161003275299761303975259851386860200459756707478

806633748951518064593669265915
692095670667865332740048739097
5024409529175418686174256251621150821646956015935419221941127
3477372082804674885163304241070943461833789442554362899169712410484014031782144773540766910

1221885029796787882614963791797
1133190938095617791716698013131
5538516172641655833473381285742119474163595317704420295342655
6276196337333548597622086039194829241820650116512784552455839206263689831051639975123823780

828886356712148986258326764181
1150614750286987333128474999023
15259661893514240204252408725135790875724936933571489204370539
4259505891585416822862971312639850815625354097593898323881863449542317573086059525722732413

715930155804319580344385812401
906292526597439387682262658572
10381474396339123649417167381197581752614959310935005471286252
7432410582049623356710868268052442260914261425805246480843063620133631290552455773442411052

1214199733497723816804024205117
776205672877333742083290964019
23561718028677000537971628785774768289775909860236932091335692
1144345270046725144965572551266102764890545393530998950021033744988796647776328087176886091

832455043676703291827157113200
1222697401520338020417948920413
4071362475144018434715530165320466895623550487106934995120117
4978044319006003131543126225720800585921342538057708940322793917402406883102812793535433200

1100480626952258080863279126214
1040151631489990082574256998098
1144666719547518395214576719609870882933241714271086190065890
1190626955849646181216036985417268260856849660675187024220490151044308478961057438214795556

1166036651617204468935864343939
772570392523410305272125150694
8107608542729280212622421556341716489696538493262748290344691
6263698314282514626120369854744131841844506057357926704761927963676969369778572813699730830

1205686117021486996077784710413
912396944484071955701544140069
1100064329177269954185902773432990297437871165900515413680149
1003695332677261431684585990480164321410014544560618374993527433908126993015414928820790281

898717249023933187143955368997
771711366381569083661553703865
11096805059759109819591839880705510283047816619677750679103270
8563530595136612008044408539901396389214779265895698119419348479515106304179509825217200325

980587786915276546249647614007
708571607523338100694301799569
694816664492310025193792186847517005734361429096185588511434
492327360893319987219931269979993382934606045778651700113505580416041558945752950738428902

958996472105927280273544550863
1228970899670971727799109748607
1178578757105309392708567796551128233095729505351386299570783
1448438995452807747032469348291093173266782906916108881536708902267800253828774826671138056

850244835880212256697274245943
1222920189579911277523287441773
16636505214143515572851502247910467822471428531097582065318740
2155638797240457462024318175960284916713503004644419268444383510234878284210368632223581324

1131829155269995714060429863258
744857222862614245844138003014
16445032186881810789747927501256
3372204485397390482898373019969216224820252545196068847438448

935078543495108607007978059863
783048029596088433395327740984
18305285275035626748802923200245504534401255912485454074093736
2293426810529750280460856794416399128621344150275553465084149355390659736260944313531475712

996432782687204543764382804504
1261380401050566464386817872896
5027523132183672031208598371101554908954751374481776639022464
6341619144764840301795855025054346338852835555164602052846114361705334603392431479137894400

895040451312020528473083707169
1097787106592009671584432044929
982563867328629522601068274482119694487060212570457868479587
1078645944956551466970339756353456697159437808016080883561920183887158705168519528431828954

1235485614178068714112779002491
741879072872482728751093892047
8249228297943439683321219219219826663784633847268295858369881
2719968818485212336102557344691248405947379432127149914334474406642211601135592604111482476

732505576237657702900341594074
953367855732488315622074631538
698347270529786470160425011115989904259125581971371321688336
511543269813416671622701404986821075738521679836043699591400626549562202862600971860603388

699578270496587334791810846830
1057052163215363832017609478751
6655416517501925251414370493252094724597755431255762659250041
2851006837102038000688023805827448745181687932239334706967191750262834020462549441690142430

910636298739124706575877981473
773455942989491515555451298645
17608426429043250088482562726255824660530480724075077830271818
10262318252777041894459814726646095308189788643869433597983929100699812583451566319269140640

811178169785947673604180249130
1172218546399841731736614640411
3803512380231070389354102737206741087431892270713146370622165
4458547753568267452625564458433638761235061295612369729768980721598719713110125134965086790
