579
543
5053515
2739341061

814
979
12795321
12502658234

955
806
19264355
735861880

714
578
3740102
2153426856

715
839
2419399
2018613025

878
663
4175
2328456

645
903
5265135
903939120

763
646
501764
320383700

594
764
11357624
6746428656

912
593
2164769
813928080

616
602
1486394
894446784

972
689
2683409
1848394080

1007
591
620705
361248159

797
753
15042275
11312657850

712
581
6630725
3852113664

711
646
465705
300845430

871
677
9577
2358668

715
778
13929060
1593157280

601
961
14455002
902727843

806
981
7254
7116174

831
977
7335911
7151912583

881
882
813188
697783716

572
665
3439208
2214572360

687
526
372526
191521860

592
973
5190445
3629476816

880
543
9568
477840

889
612
562924
335145888

741
627
1880772
1169415819

647
543
8795549
4774803711

986
880
13902176
12230817280

887
649
581807
375907939

840
567
5943
476280

823
722
9545921
6879122862

973
553
4845806
821631363

871
809
705448
570052951

602
1017
638261
383870718

605
848
12847200
7772556000

902
541
4401396
704646008

623
553
5521152
3048304112

716
597
460277
265875144

796
790
15731324
6492144160

1001
670
672341
450019570

927
1002
23254743
7757788608

565
865
1973825
2502760725

943
887
13387547
3155891893

829
958
17096
12706912

603
826
499507
300839112

594
624
5960946
3709895904

655
678
1793965
593748330

719
749
4852651
1954328999

588
651
6139875
3856589100

618
854
2114414
1755369672

765
664
29749
12699000

974
847
3329853
2802450266

973
853
7515371
6392421238

876
551
1947404
1068161988

836
900
6806900
6113250000

712
580
6610392
1252094720

667
784
13090928
7228956672

531
598
5081737
358500402

592
818
1959186
1596592032

1021
672
6203221
4166758176

765
520
9952740
2046283200

681
904
5557641
5024107464

959
744
2854943
684242664

833
552
4148009
637304976

801
739
14817751
474735078

795
655
13028605
5457198000

897
860
12344477
1355384940

651
990
10320750
6718808250

933
924
38028
13793472

953
799
765596
609157600

516
750
399516
205884000

689
747
4652360
3473080884

893
789
2830932
2528022276

775
535
428000
331700000

957
986
15122543
14909855202

925
937
21692187
20324701250

781
707
5006703
3527242796

961
560
2176976
1214088960

842
907
12245147
3267846626

793
709
14087094
9979706750

942
547
10666
4637466

983
588
604931
354316452

768
689
13248689
9127872000

644
747
510047
367054884

735
530
9741605
1112165250

570
627
377283
233018280

527
927
4402431
2769959430

862
945
13049703
7096708080

971
930
14472755
13459662150

841
573
4352203
683324274

601
897
23026
539097

1015
976
15870384
15485684480

517
891
1855513
1653262083

1003
973
15627623
12607897561

940
775
2940600
2276562500

902
713
2595054
1850273502

802
969
3127264
2505492912

777
575
1799268
1031603475
