1007818
863846
870622151996
752064807765343716

747285
770311
20005060
575641855635

857567
870498
746518946967
649842492530111562

548049
1002209
549293464250
550481742940536225

868204
546766
1898818259822
259552241424194224

833671
959850
800210451789
768078316901581650

609874
1017137
2481329510873
2144247210702096962

731910
741181
4882314746674
3618676728857482950

1032431
761387
3144329149395
2394046120678936944

892191
953543
7656683236608
759024786394194183

804664
959917
3089665212200
2965807418449037176

565425
687337
9715960352875
1977711841863169650

994955
525060
4701715569980
2468682777173698800

704733
755346
8517099403152
6002273067303897792

598315
787967
1885834986430
1485960214452460585

538584
821378
3981437369754
238259797142095920

675983
883414
2388705733232
2110212964936232464

809424
706981
14306186240005
867758801831626320

720609
580021
10449229629805
6060767236319358849

634380
781595
495829652075
314544012245354100

769942
587047
452006808534
265347862432738262

857702
914707
784561516328
672919246024837452

587065
746799
1753686490521
1309649086599606675

956592
786037
12030682978125
7064538668816088096

716373
558355
400010842063
223343065555189965

647500
816267
13213345596403
10281335050389322500

626070
978954
2451584940240
2399988883587708960

672958
929733
2502710232403
2326844512871676798

736235
976311
11500731576479
11228286933431114085

879912
566500
498475933648
282385332722592000

855697
745654
5742511360165
4281912665755280010

770483
923510
711556613187
657128794973606270

1033922
884618
14634031376546
945652869994155708

780107
686936
535909267251
368131121478720072

646801
1044036
16882103438433
6751053890410930632

670019
1014581
16994739710519
455471922287070780

702121
969078
680437049872
659373097611605916

583574
916628
2139704573162
802490596283305232

732546
683003
2001348923229
1366923120174294606

557537
831240
4171033254752
4519457829836372160

666864
826428
8817871203120
7287324734920228416

750290
773160
14502374373080
8757854092878854400

704891
531253
5991618654380
1055859019354821264

1035104
734284
12160971966128
5379366335566927872

863609
584402
2018782508489
435859499388292980

882215
712545
2514496454255
1791689845115620875

1002053
933979
24438659
14974343342192

680820
727211
495119722364
360054393076692720

863415
527186
1820723309504
959858726943861360

547536
820583
11232476269983
1352716277276859264

738098
793473
2342658985376
1729109732633424432

675543
930781
5659069273444
2284347653878277427

691975
769919
532777710704
368668377534999775

1026626
623837
640452898495
657505597370327870

628875
633208
3583880661832
1008595689914592000

836872
954432
19968444844360
3436105266404688384

920740
860946
3170847855784
2729925813133752000

861500
849952
6590145618300
5601289388105264000

981662
895979
7915963160005
4241748595595910014

682712
683680
466773616672
319119579481231360

853929
808028
10917473
6209986878108

962310
709874
10929921601814
7758859104428577420

837186
615741
8247844807629
2043653422975483914

649768
910649
9467389157708
8621465151951227688

884209
787489
2785241550029
2193347082990787181

798009
974124
6996258396393
6815222265210367356

937505
782702
18344691745532
11581200863228934820

609098
870954
4774490121464
4158354442201725612

969775
931765
8132440869335
7577520293871865375

1024059
657275
10769450185475
7078483458491270625

906643
769725
6280809633763
4834493825441922675

581979
664930
9674399620945
6659533337135041650

619186
668524
1655773381356
1106923797073299968

656394
654951
429919011486
281569023118768770

949829
748034
17762631584220
13287047318476637076

646727
786993
2035891983248
1602230262140365068

572782
606422
14857790
3126128454036

1046834
988092
25859240077016
18347058084484465056

887189
773733
2745800705781
2124514222835029317

769794
782011
5417896498881
1853627487612618120

815940
714358
9326004092548
6662097466626769560

958733
749538
17965188721730
13465589376879206964

924241
624643
9237148021836
5769918291088194752

628664
1025320
6683296
5801235952320

922010
1040072
32410898
23973919618000

985461
1031780
25419478738124
5057076191299501920

545184
662390
5778002248664
4106889021943319040

932125
956447
22288213342447
8331840608139323500

966808
596045
5186351232093
900611348846749080

998531
599083
5383840902183
3225364329098530188

776804
977029
758960812120
589563191273610064

758393
565142
6857601633567
567267181253266016

994441
806251
7215944623534
5817856718302836025

921616
917179
21132194032067
15565608923697959232

643416
623028
6413861512032
1031694865672246272

847889
698039
14796511637039
10328541699348621000

659022
958626
5685802231596
1021958221283528256

1003182
727214
6544926
6565751954532

1032676
675983
11169162837940
7550156891430934396

631736
540659
1366216188491
400435913448967480
