743969850
569660629
423810353645280025
241428064521451856105744700

929619503
1072144934
8970181593730497529
9617334748180220049009410662

973453217
910646478
886471745442919421
807262372004830112877644754

617115879
554308423
342072534685524624
211098392924215516915904496

713535092
706895652
2827582608
2017579416336879936

552702186
649624358
5744780859295454810
1786023526654259401313591604

1037332020
597783767
15502506070050369423
2125993273447544948185201260

1035879915
1007810603
16703532196522581992
8534212587608557414118879640

903869807
890910697
12884276477820788168
1445278014207331372018861416

869770694
613201227
8533511321601367016
1855549515355018485072515640

637303639
804270771
8201035061633530954
6595852775846745632702584509

968283809
555933973
8612829853729723646
820489275146759191295560931

881999501
904650577
12766421742147640441
11549150787893674145941288096

837237264
639942321
11076314400
535783557951849744

1023861922
919570679
17490893409
8473620625342065342

569946942
686804093
9786047319777166721
2276753880690144552717145026

1052143890
834990856
21963263196466004434
11253324566936674586459830560

744036855
816988327
9725910831261068272
7236436098044467455466508160

1046243060
967582422
1012326396009316802
979509225169010142481068360

601210843
984041223
16014312298
14790406330664524725

596788645
550144479
328319985515095846
180623424652559420865101265

758291090
1012759692
19199166276705986502
6018846086844825649323748560

856209834
825024469
7705888506
6357546572835853314

703902562
833174369
11262440992
9383577166909334048

905803387
694415795
2516016731123056928
1747161750860706077959665360

693153636
734837902
4584200078489171200
1786540419616954016639996400

616712155
812266281
8014951832892637996
1235729553890770783412266320

740571478
712482546
2110577014373908048
1503749282699675088590361744

676653126
924784445
5631824590884291560
5208223775197376550676952100

640095054
801145398
512809229383676658
410834738126810212462259784

802622216
831297050
2668869932249839344
2218623698748772168286325200

932737651
695749509
5840565868808270344
2872714841315759957409459567

1064564713
954432684
16256885742018327580
15516103069462340262184528320

929770039
861256851
7206937347864382144
1434202064882438886434799399

1036854820
878805191
911193400045030631
800761489192213988548259040

674562844
897172656
2420797359848516656
1632979949986966682631256320

540547353
858001269
4174112849828087682
4011210039862748885674844448

743677369
791623073
14717804123231818986
8869143153017120180121216644

885642963
769711487
2726758270792622951
2098817148489944149750758912

618629294
879666223
8706996715196368391
1825303989125540225503334238

1065907478
1055705476
10127559280364090130
2387417882653022779722783824

586646299
701405069
411476703527676036
288611841202000516070173635

998477882
697140029
17401972500016905417
6740438932780083245846724926

767312914
571407982
438448729106163132
250533102202989011445670328

1066379863
1025982973
17505401332491270615
1166712967097805787181732936

976759510
965836013
8490505621428314468
8200436082828983346959557380

736260213
729876858
2149517171044554951
787871700164658227226552288

804770435
540489923
10874257778886398892
5877426746963296551103451955

722577987
856237142
9899169788865288707
8476036845258190052125242738

725985370
1062680532
12343848334020082740
8961453299997453355429513800

608434121
677787472
6598224399129637748
1283158329704624504608875072

1013779264
663454476
2690385579107283820
1128101362032541789916246016

838195495
761577033
10213607029536487185
8560999399857815496592231575

732583707
1049507804
3075409275249612635
563248681716966421675119024

1029545932
912217403
3756678905767145132
3426907862009537409660101652

910534344
1002850620
8218169391902899236
8398658385619174292803908480

672337519
608384628
409039814493133963
248853533897066892287127228

557229800
631654039
8799411356971347956
4027417698235743524793463200

794577588
826350058
5909393144817029974
1064299856486675983721475600

612451290
1033826046
5698512871328933634
1551138470056276927989791760

902502917
1049112090
3787306903504401183
3973309451101205052838089570

726220741
856693612
2488594693912732272
2131963174196437243522220288

859375888
701925882
2412872721052041738
1693657812385494421024984992

595347955
590556184
3164277750475258216
830526129796331667828017920

661022527
705734566
5467028372
1866025784834273128

643117181
596010600
1533218630244943124
913814555743466698301114400

761020690
588745789
7168763625269990560
761020690

797373667
624098021
12440983202098570367
4813543341744136671456733672

685157383
553848272
379473233861597831
210170594537749937460912048

993083723
549901185
3192688463
546097916081911755

974051612
898119778
7873335176035962120
4194148584941903166056227280

712500802
566215740
5114866168
1613716675420093920

1044368079
668177890
11165178560620663561
7460325451662290375904014190

839645995
1069763386
3592890200712824910
3977641445208754726287214740

641294910
790298099
506814171416431731
400534270595526366825455160

987093797
544647119
8601884701065686651
2415528737476235397210828173

561780203
1037492267
1599272470
582842616366190201

873552874
1052626944
3678101195913374698
1771171063617767948301484032

959285806
553392072
13271529020098788022
7344358942734355162830908400

792212306
871549494
17261305868715774546
5415869659975947738345411144

918947329
1006528586
3699787032645091779
1780962701618850021508813304

754512061
699160245
8440397405079881325
3319419551193893608909753725

655052556
790215928
517632974699368792
409041820841021018119617792

672974122
553914393
5964320853217163449
1209941093332489707225342210

1023725587
1049121756
1074012794709101055
1126770189151679608003052580

747996550
903284677
675653822967149027
505386728573738235531856850

1060727117
1026047876
27208920161299647369
11506752386581713146257147496

796115445
758806682
5436879481708477097
4125540479373301616599713030

731793608
736308999
14653933724
8621219503697254272

556974443
557861499
310714612158892631
173335718988954017243186868

723713335
979246220
2834774211042004140
2775941922086056380860755200

625033759
788186926
4433790937660235468
1619970233823518206416024308

539684248
593710654
2883746600001574192
1556312615244406366625727616

863658392
911142598
23642223342
786915951071382416

695348854
955703828
664547581290129228
635110659106789420129602528

677214400
1023908828
17335145072022572912
4718274868990728123769958400

1036441791
545635068
9048303803093204727
4937071860885419371554566436

679739140
556979560
1514403248490054860
843491647250905663853821600

686511915
950206662
2609312810635284705
2479386393335274466228148610

616300256
538836770
1328340962638683666
383603956027745784714194240
