593056230738
640549366754
9497044826223434674501268
1874497225160892849671986059357577536

880625757272
785462415078
6225285906798051530301608
4889728102902166968193394059979861088

651787611310
1092342032104
6407775034577113142714000
2633946170769174560952744205445126400

612340050152
843919454685
18684179072540
12919142030151534784053000

913600061259
773009632733
706221647853874047246050
545916136626056532636141279864166026

690279028499
861765222450
27756641817741
5353726144923095621422950

875015785908
666512720316
14580228794624593452673200
875015785908

1089771723088
970736155576
4231523251734640674254256
4107692613615570246696367101892564352

821385540259
555096605642
7295173205142101572623275
1386890832459923415833766391494072906

949215877647
700046973060
664495701928922928040527
465178204746232433276312654991439020

822966501337
1096989880801
22569648105127501854297966
3962197317380006420245022750714822550

982218305755
555160723212
13632225624390139778512555
535592862258296613823122900137205360

949442401411
805678865115
3059782705845254139975586
1342572424493598324715020889177731390

1083351507285
813928597563
14108332367881022978569983
4538769232637638901672252056356587865

635837757741
734459634022
466997166864607498294356
342990568259835609835880125369111476

608603442283
718723121866
437417366034121684804617
314381974872380517078482748141167498

828403571955
1072297192530
14212717191847195865306700
2943466422227427262364616532535877600

960150654444
826303832669
19834404142696728702569708
12843740082061744135450043018503195404

753109512608
714500745280
4842875772334911760613888
3460238348631750058721659926318448640

940984166213
996228998537
937435713555457986983427
882112163297385884415887887833590582

609899270237
745001896839
11359402830191316041173574
2462538904305856145118229928156023644

585478156882
628987083055
9206454952257824248117020
5790741245696325661121372836226564000

616284542636
622491101081
9590791088127679396897832
475233536157884889798136600234860488

1053009581865
954554291198
16082477040687361586389358
15351597472280521871917781953559995680

1034390573823
849102054258
878303161142358262783626
745769018387271602908177025965979508

1006224803656
1085696863387
4369820452784453895189336
1099255431778499412705145365948511520

808681701422
606009517280
1960275230061206155028672
1187945445904965239328456424660853760

1055547045652
702034390161
11856485223699293243773609
3648998260764855528292707521172952356

616264886102
671851460638
10350961596695148084358744
1298801813818839033548214271595274572

678601515263
905202313864
9828346588945575857946312
6669530887788405182642478562502560056

917381113405
587419359798
4849986836961301598283382
2848976162795154542547356461507873620

727351351330
721080240771
13111967188574651688310345
1525921128512364429139755054687589320

608113648035
750401556358
456329427947373181013515
277500153134431984892724569428831800

982559171107
900226271465
884525579113799186905195
869098719836993680711218967792200865

831997797817
639753303209
13306833485409114715852387
4326175843179105359865663371678350186

734443939077
1035363335862
3041665307109806050990971
3149228738918124067954662390020425902

829808819775
608942892239
8084898923512994041649751
2769323475341611648691155021317909975

1088734120915
751473668588
20453875599057137348990667
15370548933260960783400179424141844500

1055261267542
810251294221
3420107231073090024343554
902276672947658822898170020503600626

1039164818989
959397774641
24924310370616218186895219
23912327904022513687560710010438231450

624717567516
1066567617822
5996731750189072695499410
3746263672020570419063616803847473256

628266919503
612520830802
6157225208000053404195328
3771428699833207059707428661855481792

733383912959
679986887109
7979063104478785466919821
5425658282456641526080076485088086560

603316000860
943936791625
2277968680751859879190860
343583738638794542530904671085850000

1072309236651
579796265221
15543022264316130294851962
1027148503943764623132811491793753383

923461943062
576244689394
13303501013676776022811338
1717982565340902846967859965715065064

1065912125743
669903732424
17851462786798617352520112
11958761550104085547485080785137595712

788670428113
558809128206
12618726849808
7051459750010853178484448

968958538708
1012206085026
3923142916085539929665698
3971029132079208562709242612070852064

768021482641
651028845475
13488547458164
2000016556575071935597900

1045782115051
854752436325
22347120267637518579670575
12224803515903529875399949584826590000

634377695639
1088886401380
2763060984485340441628439
438206065061858641168984868437264800

1016850602083
983248724331
15997072917338155313236231
5049727153076315426682481975713352599

865844540990
1026558872358
3555361582548204271307112
3078390417494929921838663816962520880

717199986043
646264187242
7416010657126666596299674
2695894931194996841046514843177196268

584214181192
748288342379
6994570579843517648830835
4413449550634977585771763499742891656

1082752225397
680842822807
11794945304665891060441328
8030503856075479146410935542734019712

920687287508
964229829861
14204066345456086141478657
13695984475605110338161781457007262788

732464395013
1013643839408
18561450539768811059387652
2175296262427734155702533295364079808

845686514639
994187468483
21019273378017358936512224
11376458267704561426023799193854490880

1069836097251
599732420213
5774538526546899897641442
3463177966139183225264743981147267146

962698192712
942370843177
8164968368366460012831441
7694428125788833286266866046159594832

972111703589
655774891524
4544221705880
2549945787881149265918544

911721691058
881330996160
3214114344848133934529570
2832698597297733036316236700707811200

997473242393
997916205144
24884867819554553124823232
16879393980303569419141127871474999744

1084357948191
607982464420
659270617677400430215056
400824974851874746007938028374879920

752457825956
710537509008
8554392148619475120726224
3128758951718599813255055178393842688

880053097616
562326230660
12371923529080640341285124
2020354225001911288508806794154973440

661920205573
790125183128
13074995591116073200246685
1797971934559151740081251696249276824

557624598660
702167687107
1566183898867122459689103
493266598469546647277240636450744160

966005510093
1094656665091
4229777480577943441286145
4630154110947291219298657253754851699

990579121557
696292614113
11035726816558699281321065
2604258804414366092509381725513503469

751235666448
618657049588
1859028963834225573194596
1150101373854750335422303673871382848

642903795158
588893180648
9465041519556630832798328
3894471113116408342574557605407344896

853677047270
656249732174
560225333647617978879976
367647725159463115734245417914651340

968816211359
629162412444
9752683916066789586832799
590534892634046501966637079551058560

996192832184
604436844902
9634170438414061608464990
5823247583042748155392150726523591376

771389242984
982822119135
18953460261691660450190524
3084394457284450261110496510539156480

919795585736
752094784621
3679182342944
2767093851797853839064224

1028495483908
1038454500205
26701144092623657986964132
4393920978309755757246413998853020480

602687556391
738330521134
7119721881479760965518704
4290967782926758338781197646686119168

1093312411764
910228628896
15922628120244078689996656
5257928735584006517735481124578981888

1009846900680
924452030226
23338875438793903189220154
11936836095013193601862887584623831440

613804839928
1090439758729
9820877438848
10709075224924492571704192

830215433003
570862251535
1895754605387061661926795
1573884730578850794070414910213015385

628426036729
661204670502
3739664074963201775069788
2472683352473773265843667034206061572

976997845790
1001644611601
15657674044506321524151401
4804592505194948721111182281311710190

1075211333377
1082935771305
29109620365690623239290627
1251959749099653331086895825842165330

1040860744279
1074611681412
10066690030737985293476043
10478022477810178240403601055554739428

652967331042
1082363803584
17668705101088453489853586
14596921910027734851149737489287767808

670512987217
560723456167
375972359612950449718214
210816520902606085429451115197538737

846185453375
756073305152
2559112930047078669232743
1934876971272768918824086548161304000

1014161200684
912668979339
14809495486627967124302803
4599564376704757943319978308731794204

1038357703545
786005833275
20403880300346342530585470
16037568937501639102602846343526873625

997940067336
601428333770
2400757727619452644893224
1443883719901831456206969473524768080

813596175638
798059883240
649298468934986408682758
518179060306166020464348771681175920

777994799061
745464407247
2319869726899122785605500
1729380310850891470005787037218582464

1076713974662
780396442068
7562373794576789519679714
5901649602870525687511027932994758936

583600988206
677437345846
3558177940350962102818690
230728462466807846172712026921696856

962010694540
810366442515
779581184208729997448340
749965436470956025176609991170063600
