885398295694574
961829237014949
13625631475235988422585811226800
12064110885936288228277778174029695553043383200

1055781030547800
987855548506610
26073978725866799179175267163050
1101136485187082452461962649668308861013358000

659190531623080
861710291035570
14200781621320447430673390356250
9361020786421478812291597723639855252205090000

784724617958149
951863320648918
11951209290313557077156858773430
710994860053003762792495961716112367032629876

566555630559996
650531474041520
368562269474733862937436631916
208811028982880688470343606655086782650912320

1083900175175442
822076939759328
3564197356051347848926039627202
2930044455160969203477192808563473903713854912

835374862413636
682244239586884
9118875004438229964305312299176
864936180968158307532060740703038974158466704

863698598348418
748358951223585
10341705235732839649619984616480
863698598348418

948551159541596
588929801774860
8938080741794355473535741764860
5263902119512643395539439446190293456779419600

611617897773499
670742504642061
6563809930184142573591563231268
1100656578141535384726435006484228389995463116

850016908339431
842966723924689
6448823716531348632257733706387
2416063911774340175355066458667598519845023004

917577606447776
1078650013474647
989745097558948853099346920528
1067588562818407374209382940697608226863459872

1102649746972213
662516833199210
6574716166427495009367154708338
4355860133765187102386385595447631046288027380

1072732855550519
808942276716093
3471115833908787181360117608576
2807932345427448140251859925427046184527351727

783893091490817
1094013017082454
3430356984367877825085941778375
3752855194138140590486699801091324994902579350

666754752769747
951527349262628
2537741530045050842598096978464
2414730471197438574911512786840608300116581248

865686264296481
1050604963547154
909494286144502609414168443924
787336710971429203532410987028983134359031444

772252709380467
1105187859956881
853484319226129114651342565452
659105577936121610856278552521369161317826084

736286907039528
807082849970042
9507912565265457325958234531978
2229742456922915089857110305064963307262115808

928538675667212
748808293739179
695297461397213924462829925812
645610584000543475926024083032516459560876144

1106781203408601
773256875174177
37039921133892041
13693218797587999792767598342032

920227476144600
924778615589585
3404026765666005097234332108600
783119739824373188281945125610614559098600000

832790270100412
1119482455358001
3729176385481059195163078708069
1820092336449560809687984098181429480381610568

674996261270639
1027081549918753
17331905155380296492567410939938
7059834426613692038248453958499244850987356421

932836700638389
1002769677471334
3741681429730356203928432292555
3752044680491164024033136493063773051120629470

758427590695538
1121545429440827
16919757181227285
7655498981157590407074095369334

987016006244043
580866077218174
573324115698540513827529291832
565880078960171095154654657088040793958556776

798712739587188
569143713210774
4091241009576631611413220853266
2328504099830636990584302058850982879437176200

939926433343056
867781226810517
3262602053752305917816253663357
2831224812799681581092483139412068124548859968

597626484640723
713696622680748
10663100092816310489407967494660
5296067619026823661777756325131120494543546240

615909491897490
880191233653317
2168472541968179501673491230245
1335582821517279996763375052770103399527585050

1031156996761927
569261446991132
5282981316465539980087494237636
3007397588638287440152161626027863416046078256

600691810125394
1100820274848031
2645014894084809413933051635439
2911686022683564597681698682636557280437777960

1055207374121366
767069796297847
3237670822077060114942713162095
2483519497970128044427378129205648545578990784

899711031368126
655215260173559
6219705166166740
2358017589995551118783922321736

828398933298305
849286092283751
2814190771651795696750779606724
2390053083397140906141056471460474582507871715

1039296334528748
723006949965358
18785461823445166759638665874950
3667066636752196338099984695190195380023844400

701645883674397
872131943243244
2447711151990320974842328928373
2134727083483474957981122381203704795185587868

913121618087497
850874939261224
776952301328331420194562283385
661089242201600620281427393249717743870312424

922217101962082
684808752784593
2526169373565109818448269653835
1729942898033758983865048435598190664973188506

681596042454078
821831469307005
8962513232702006620075288034493
6569168263521669497859112469062722713137826670

654406458201990
969492838170613
634442374479435291242837857377
415183187216347429755712538119647615837620130

1100796324263093
1115530343641426
19647547230150856469321293268639
21917435113361331244204546934101353679643725738

1069228275042894
758147475822456
3242530871207104489897327556256
2458316595282046244684810690982322108066133760

727493401255318
889071510177168
10348698510367851242877711486568
2457198282779647361922917282433342064573616256

759638201380399
1007010413606013
44166215374660300
19124089484075084810698168479675

609063052240476
1015516611858061
2474054588876735578136029884736
2512443533647974065254164017641295467651581360

909677735934007
977440488155484
8002402652479620716483166523264
4104478051424019764756151000797758836516212208

1008368871799375
797378820317503
12758061125080048
12864831703044432898246671370000

611616809503230
920815961763973
14079663016843252026038654556238
1896408509405453066971248978714245509351152630

770201811611080
598827883093273
7379493126426680580536585340888
355231185921583838020862171342044988318692040

688021626941187
1039953539636132
11448168420539166577688814463692
1969146865549018645798318366971325399500751632

961267890515338
1084360846218874
33790944878853316
26059031580056095948115052235300

639398276844987
655296403722145
2621185614888580
1675981565450625753255936548460

1053883577464792
1067074068041326
4498287344989223148929752637984
4740671159601843490297522437681121576881859328

635687022983816
1063197202014741
10813770627095586569210550647552
6874173657168220033223464387871166529249268736

755509648370241
596888471579678
450954999279427590047735804966
269169840271110902947717849285515260126746212

797386469515883
1087251690639647
7802638083668928815501192417593
3707811509522894410062326521942084290689037083

776096954101329
1021066336322228
12679143576881353630841465383736
3269201595142120585178862494384808869270034528

1029769781605517
1088825489733269
17939833388306384644155626876312
9501811546267889911680550189998227255079605512

1044112743348318
971448676199209
1014301942328498372452131768637
985342279141282583802833882407402835804766108

1099709768793082
929722449438986
25560621497857161567445939084388
18940501046001042333960757159558207907960039528

685022395054308
569515860383190
9753277967527695781748947663422
1291180073000715080810884464235702860711223440

1006953931008345
663960858138587
6017201965244928485633418857298
3995186580437210898631014100843780390375148805

636259123264096
1081805385918958
17945145297967424
688308546387173241353487131968

594253342352870
658276461106930
6258927795280206113730518289350
232461797618158862969792750914570674304106100

1014689718547531
563772609902214
2288217083465953157437050637417
1290034117168424715993333354256528148686996338

895830204296401
1025652328933189
14700965365844774985628230177380
3769519841261210027895570290928742609084056484

1058359410000798
707102764607447
6735319782838838574254015292599
1321216923388065033932630406980539306961210970

1124544988586297
623034697636751
2802522187771161236140976627865
1746068563878289798993775673628986623291322611

1026901442829834
746270150583097
3065383577498480950230984276523
1358862770633702295875938414566845917687477038

826790322476364
737551767347145
5488205972111643135822388268616
4047836014296089674566167551709177524946284920

619455163313187
657612297917814
1629445333613777537014774850970
1071543290169204485040324910348008945694714680

757050755165692
957898343453497
725177664283437018512830444113
548996298375068093284692614429627434887132332

754079753253881
900142221880071
678779024568758711567196369422
610997659340889512373956298988036394621462937

1078059986484235
797877722744875
7741440422985730313309086016735
1613606668136608311457420435026888247131326250

885246075041499
576062043644116
8159306609861433501997788179172
4700266840395718279759694394629214963458758848

982076630608060
951262435599374
16664488525328334
14947401721239198153922805671040

900014794404915
1012547479070838
14580923379218503584264288653388
3280761689345289183592406295468061376563493280

586502427431478
710881081495437
10423336997804715390776910505620
540922621157584490872001849126401015542387576

575751746399260
1121428361324359
2582657349976650885099708615851
1486969479599941248390206770254565812482122660

639038833618106
790733268716726
12632731643594233124637043453758
4504469583833553891801861020064191425856064248

617382008702479
792138318119479
20420839961689454
489051946010807262508085488441

576867374552538
931930241856694
537600151885991743603908388990
501005839569304240684715615983685138256960516

1111571970117903
578579301726174
2572530137156833840347627985110
1488412690425739215787194467866488436492590864

751778858616295
960655678198321
722200629279218686593230960486
693786135315467263929460852882950135107039350

825960838261347
1097257745854764
14500670840879321418690743067951
1742997477708106197844364521884491459241324096

695949518512829
847529004459494
9437398441267882750140156224691
910401362926840726737156108631567610690194424

588135853845091
1039878405887767
611589774141892717799664413156
635978999391921129963364526739369390652046051

1012547531169176
785263919347009
12721872685616740141218147588072
7245844188564260108502224106573172977449436312

1030228523276979
594440488837539
15310238674778609071769936699313
9101025762054786004267633348032594645380686371

842254722177760
859178203757432
2894587597227635896849283096120
2486966572404562810056937828801531989039498240

1101690895338586
829673412899191
3656174580382145413098363445799
3033430842260915930652121761718190470023358280

673582988475296
856561572006878
576965303485501962609432697502
494206307346966273961467537005296286758111872

991247922964362
1019345300907379
16166782596926753359986578142547
1029970866935529904294592784235264812923094042

607898725928663
606124295165177
3316159681067889419171456557991
2015889245097171414254868389671639822988596033

1069061926050011
597845473131026
2556535331942966347884951346445
1528413075101626966258310652735040620840489894

681635312306416
1117595710953863
761792701468365589456413499271
851376255797000706068655422556526311750511104

845476810986060
1040501556421059
3518879750995658671608341316651
3661399857769521642336452975347161179315620080

1084302048759794
741575584842024
804091925954456818056925121066
596294940256420822704089235556931833356728400
