850370298872244129
864360102566572269
6615235428775016875019067779677520610
5717945573717996265004978331744236560693679112302730646

595214563702452062
683564948529506511
10171695315031982966157578050716651086
4987260662509089535275647045391348978789759369573162552

835407888669354736
1048712560333342120
7884924712641995719547465509241877616
731903145167229804764960115972048475405287406799595520

758979934908393233
890205172965841350
16891196605818230202066212126862809975
15225940195781985040548419983145946096150185058328323750

1055148542748488684
1140537809436228435
1203436807576189923768508410981443280
1269804593803910184359296421137357847126129389067843520

1145842390260094064
1094109879397790518
20058839670661560564246316326239028694
21946574652927136091196432607674393250758320780106748576

1149740040461811362
642773781736648921
18475568845542155908123039793334478523
3398736203524579161998176336430737988728544030716351704

918345718254875390
703147039367590982
2582928291627277929643446441845807310
593005284293822698377785411337659040519009883393362200

1079287188854790716
1054700562788111313
18213196887922341570199454701286312444
1228579379326532925186707708177872725397831263927917328

1071301102007560170
588102194935490699
630034529527456169314654444527863156
370524689700246197451103099950948445541671453120751640

770558860738856213
1020455168375053860
3145283087912636794122932410796869673
1408311533996563059030476556873664741047150073250581320

676229773876114068
1019255696019133851
689251048840960153768060946712776799
702523057518310852357309072284244491940448048781511140

849397690319906211
666495565380105576
14152994846058043017386626132453608075
9432908301745175650647919511366289230608090142968831800

772048326336607900
1018441850033966404
12580581212638118045958299199106439904
1407837942141297345499977671796253442966350573159846400

1090381913469313479
693112179315258923
12092111749290527114236407785016642539
8381189927074405077162338140681325990208206254796645781

596518428612073176
847416699048998103
4549497099267046270046169349248322839
3142227728873727127348060823085961367022353023794150936

952448449672066304
699143752386229580
10654374128930805935953308466085095616
2536935530331579495163459001231957170520806677060710400

902010297480526818
1023483389101492560
23079813906745377112231255497704692818
832729192312743897928303973094283935465711734987351520

729265157894259517
898941080507698331
8819734882463544496
655566409014082879531625391261766127

722941701377998264
1046590574335840493
12105983527304462264915538611694306925
791875515796362581847734459687050901442778859515426936

1124152957548262596
845738658616532505
950739614396675421600132756724075596
804077246173443623931301336930754283030164450124947880

798588071777174042
846995140758832702
16910005406580808028416514343984705460
2733568274204454210326503237441227526033600566142364564

713958821608877586
1112127363738650880
3176052568375339063750701464714500290
3532174969962637040625215420504473170662113835245785600

991917975180060109
863778252505377239
21419929380742611860260339358777572208
1589955285965301234809069254009830691158691642960495799

664169640486507689
795345883745349447
528244589669572500447862608261558336
420137160004445621270979760914959174044073622804547248

748117798524646199
884009981351861420
16533590028069202648652628091245349364
10254744081028076587150837250355974435807602475932309120

678552002041847511
724685528424242495
491736816163023942460169046294362400
333669001085103816353767633846835579060187639771986400

862232469845664639
897998224656783880
19357080679071019676669423848913141556
2670448557266752090199831744650205780479551984910501920

879546819654956101
948179762909321149
3335873979712334906508696735427614681
733514337406426429122131993372257690497748971490249145

746255785700233487
859134931425427111
10258150612374373245720290748033534687
7655204245068769193842086189892229651321274681813463569

1143832098559116652
774618483348850059
30695209310527467376
14176535766265525149771529200609319488

705021199734251078
1148344578067525751
20240181803437233824053576711828730911
8855945098136026271468183743897730827855832316075584270

959469874675175423
914464504424763535
877401143455324302216647088120857695
802352201831593987966609976486980475167504235768885800

587577397439856371
746896062568309447
7021747913631414282428678012565432906
2648556196885695939448769812634953535957937065225677415

706384963794231749
1034428786536559638
18267623523133469093780554872729419483
13659836806352958456023605771197432324706994427786468456

638139839100101859
818543242327621369
4701105476598815878886250119476117651
1760878765450759623834021326006999249467330679372389539

889055880640885399
1132069379928131192
4025891758074343028830518020081227631
2034207882140165703623512711435382144664081793214764760

1132048640655581898
1135723184785521030
32142347187436933387792673244647183868
23287488282251357748628229694255046306353764877295297920

875529230561406100
953838918626583570
3340455418018625454769660726509100020
3186256383643197874315764867555296413401660044915553000

626250412203514849
886865053237874182
29846101156893858137
13884990128977771196868647730768212950

1060397698457442947
586006642621211997
9942401521860903899959674112027949067
5826313335417736989871123829722867617501786973725356799

860011108926946181
703044456822316982
9674016686987253784519457111578584524
3780256406436668610998682048456376197666623078450007784

716301795864692158
984936317441949974
2822046611984101155898969267601719518
2779536197657152081839735208790744459369314189335392532

787188285000143663
634161900861407290
1996819276606089344906387963205104372
1266306708129217845782021068910512147038563163009366280

698775761810699516
956563589581295785
16710586275751181824964011081850863081
2507701960500251841404323291647865600999320206554631000

963372206225029493
898355628335832228
865450843644563336956403637398481489
777482636436087777490193584431094044104739800452523748

1015143711305959259
1005957607857498283
4084766157827702492392496840128247738
4109101592785619859050086002952352988067519217434931629

1064696221769840683
1124547348198991376
1197301312828759576900925323890312540
1346422016336752596059938952307584955622322885404655040

1041884231763290954
1035244893748221934
1078605330809735998589793839410201028
1116620661090390904213921818780643671413116357830644948

855396479306187577
605923786339792535
2073220294251732698900350219610173020
1256213490609508690070647710022714202152195240678869675

1004499189096841731
1019782570156604423
16389932236438436125325070645953797679
16714167220767771893562471233310966725666007667599460992

590903283519110730
608286206788552125
10062738743094323805
5751013070571843749345001988028820000

716417528818255883
582383774682298873
3755069502135664455433662806673671535
2186891550848149011844408553923768118288989652229048894

816397045839838621
1066666713383530047
870823553702003785557200993007913855
710937776690065952916618736905850368796276689746812314

920233609289949462
1048129496489780484
24113099738951202777689208417381951762
887587392157744140104727069450306240978525200535510504

665554317538536274
1053254164514320953
700997856657950095640700961337215171
738328911840598946515696488556831084018772078419949754

940239865607397043
1001053796931675887
23530767187320336698444298936046793792
23066787931348314063427351456915995239850229979668254167

1091142684439632911
1114078281483520411
4862473466935285792934302124791028870
2680707108882683754651875423755933015137363202051346246

632125780168707945
810342802904075118
512238576489836031523212279599040102
415088843828367203162658869817362520204384612955526340

967725890994039536
1107228444130775379
9643442693673588586368769844591219184
10518597400738623166554156344079068833330678797424302528

716849350176840005
888013557150571869
5729147472524504585427451651602084054
4672220156803886819845870189718956590502655023998450435

1094623882538982616
717040430392911218
19622239496352789751837751746185500744
7732429913378686148793141311477846181383438926002924672

737799870628674035
742139784289446488
4927955731534311086888248326622488547
3657232003588815095921041203156496769419664246087236360

817679445474109901
961363331381559314
24287439462378984781
19652175892580409424311050239654197850

1115409487934182571
884006353690833501
24650726857521412013599217518927841063
7885928605839929861299242351074904138526814572576532448

768271406647983918
1057215847892231462
3248914826362822688600645532406255152
3434804242882813543478926141186569686142395156213992224

776998927917929843
746837006216949314
5222623978440053302256650424436526417
884269120980157511764489399434466984703092188226534916

1011159019913170224
1028258961254566326
25993333086977544070992751383989615766
9462021555061725453429915303308983705015455960015693600

857350226624583086
904816692175306096
6981703164811838838468098869234437774
1366991817101323658717482151738617193497907375835066848

640912680933457686
712074131109110351
7302037446280037739188053721047285154
3932380215205670099032222452924072766353238368318460308

1028618213530618838
686617747736808927
6356407689499081545268175048124612494
4364422331460792856569904577170811268753830780367368622

1035023603872458630
647018873593919876
2678719225282710851101293254576326074
1733181895816797267615452458967707339110179780434948440

774423474072668347
891640185879770450
2762028361487246406968333095444412202
2462735481641686188793027261401687501850997940700208400

606082293452701935
715044262412197637
1733502665931921516717304118273406528
1239531135150869061191789163063263649430686907246520415

766376893818342301
941510927200473312
11544835518142818313017808960794104656
11565092382303865875796238880375935568459603511072378368

1054704615174583830
1116942190742655767
18848705335351829792122944870155757510
21052914229930656906303752161643553615172586403055060170

879612572168986334
1128241051586503284
992415013412646165731071877709010998
1119683358342917666081254260054164899853623964147978808

888127378208764261
835285265243499210
18545992816928029922855592379275066316
13020161669823875743774397198814491257494203110598731920

640566532560865256
1046392409142320601
670283957222306590418763658893585281
701380044807297529943976540619230410400956694511643856

651489699705767643
1098236650865641506
17887246646958119185659396648165023046
11653356946589744239654650336210551539744131744216100578

836827854264022110
627877138502805295
4728825706992631000878229027271452455
2969121553385038340981444011884208230682718224594416000

982816456647599191
938060966936288374
921941755643743653422892621118651649
864837574758109467180800416459196793023595398364373222

964986370157360420
756048077047265743
6566184805808640003951536322128715895
4964351395968596294204470152975653568938823201879533760

948370322469213455
903253044688629048
7709565431363886025889996364340517703
6963688449105633827232158138089358712810055595894650440

628123000601528342
610807626286665174
9591557975336927207732581485405151868
4793169514072813349314661853473426231667752488540645344

613363268436085376
984727832374053114
9475913759802563402
603995881784930823447120476862660864

643298742737570845
1111125686640645253
38070922049817264845
11436572115829555342718682505607180560

946517092280154524
960162115240546656
22720246335876121551616137093548730972
8614441330405672448108772417623834334982745805275616768

1125604176264042041
716623284007960888
12906146580598615493009236307034620900
3631803122649421864566996395956289237946355958608868544

731339567714908689
1039046636219182413
6839063259913501686947559367708275822
5791244865313756736036694123833769638595074981876245011

1067950150028369950
816124008952780343
3486319031211506037743062158692172572
2845268664240707642939959999375762069303997710536561600

771603516490366308
731704670794205658
9033374352275758677679449931952093982
6609762206592754773125179271034089950763555618252937192

823203424319286154
811591304546327835
668104741050293727041238460875117336
542227998362594421704774252401746122537596670815251960

1073623848943529914
1001834593405151676
4302374048705661111353353885191077766
4310267155761912223867566225818815873543803426050755032

810908681457840298
1052846240902785781
21344053924708042619049193048481074167
2769292580008006425134571975376890800973465714094154648

740000703444419720
602928281959051537
1784669411104934296737928927770323588
1076027661902370286453125448746884983671820469570505280

803621539933419734
997693308767736716
3207071332692789610315100648049851810
1444236303105832116145021422384310991001862686658972976

881305081689729640
1063521165968445797
8435579472473198738426223433008637360
826035450676466541829050142626978604810078785212091200

858164743827005819
646641510374004250
17024202503177112069
554924946098015482968408131080730750

1136390754715353121
976894749383284179
1110134161529136093634546938705327070
1084484233508827697201425757327503201782717442158824505
