1154557303003955106523
816708312139491801778
23573413655117099570611088095937185196163352
6930937035949224419083474690965862952321901780991992319570699788

1053997245622035486354
900091367008525779867
948693821635158834743796321244681360399137
853911118788132645503823571550632736083500678525897068435935578

819598977146270372659
1103250889164115422663
14467572804713956867533230170575234664855114
19525097460885385964187437087414670144362194042398688131345522471

1110740472759110897623
1018360924127714237928
4524538777220089504570466340883921312466031
4607613490421528521128838079872973231732485707662344238852092824

1094297460401490571535
960483647765377073821
9738650290289884235924
1051054816506811936515895661613179176285235

752678513043713881570
1093997479055064509635
13174854332939799623515516565523368110511640
2479107442221164830288871122967723217425788588446173209780953800

1118104758949543953665
1162765955189291835789
11700847332374934370719258980588324510100614
7326271029914997715738137135071788692273240274534752111858041565

967508052593491657005
680263706633926980703
658160614055421004675487906800116928093783
447722778877802152909172093272475766275924886333661666665282105

1063343830384856082818
1041568717524009680101
9967911027309203641273740272475553322161966
4614339691159058252277513117643204909734362883521772172421225672

819009703052464395552
764737433301205146198
2505309512644495294096089550003020648791382
478975991581211122703591022280919674295441367015915717189652608

816120893833161627525
590429656984111639263
4336757814631321906212416054112012189255975
2560550428915937001945001581369416055610168290443012227487767200

964718695160600518563
628295486818023989942
9698054435494054192795524166711074757121577
965571140833920739105939708341063711643337001927797258048201076

1012733117237414952015
733397454607979352785
2970943561516497858077007863112653314422540
2178882445800164251796853257160469313069904841250125167830467875

844252779888879266074
741958814169102922345
5637607122827893718906372051583485452276066
2115362437941686974512582815381626217347496333017611772162884880

1012480192907164828970
1130663832594931200634
28619368383471756564086388475605707729691014
5930602369200686779355197451061575443389905696832664204663107720

975930318399908932982
888804277921184002778
13878576671149156050920392647022522168511264
12335338316774515213788234958211924511018777288052588702388574108

1123487572570806606468
1158614566041959457620
32542226658691488245274159124369490241590948
7357881870299523445135092870457593705488292210935233212575156880

671191992551043700299
607227647003285637338
407566334324217087013607984680654217097512
273555260031796101456416791539055191081919343153435884186556088

828951592900380762186
906685062898502856052
28883955388596044759118
18789950678717396623401689666859940071241800

791442054040174107643
1111793169667463402634
14078717917911248493235071749052588436772442
11142489427203881826299969624595300476165097598202541184403974206

613820299799773482142
1056877928697347097610
6682792913988482319008
2594932508179076868780216254732667463522480

702071126649929993262
997615118892201261833
17509919262091290000334820724136739694231150
702071126649929993262

750639890909136404617
1026787739289817738654
19268695915183689476652270686167462441876604
791394428712576246574357115246088370475958830382730390605732772

1140898550505372154425
995112711276137636078
28383066247110408334904582594771545496685125
1295287965609048715907557500491190176477419939569338006042133900

913961231368893018360
855034674875778562951
19536713607814191737401948636603822819534576
1382414655747914936168032938709205835678028501532398242488632320

782990137874687491584
1036635502887565535391
12986806005307695069768841117704883043699607
1476945324928943139158153507141062803469245066357082581164703744

685810974763116685669
1040845121225910383970
2855292028661503814688420609930816255687690
742979194426889631145411985102458823274856268499022067867342100

701026270203243450414
697053606584433885968
12216322248890117681711189933389304451002862
8515431482786518711952960591801141265458068910374060578303967200

759822371149240004902
651870779064357950544
495306001031582817838837981707818473571590
322875508767709574186155431563175474546883843548859960263444960

1044715178562973436008
807325836699251416728
21085638891144009413988479907045149264887872
7930255319739320758390830841033611906742239134938039955633463744

653402237125977601319
869803582695412893520
9093305708693968691717226893910120989772575
9778065450452701429033823223705162700784409556109051799210555600

724683442762245374265
1038627296746703397280
18816900128831131815628249087387197314557360
11854228797417488931064481657562341518823497291058377809218112000

833453523328768141396
1114891521812151132530
3716841067934838076404922319132755673519036
774453570930838014745697880766208633924802752490860665074196360

755964642888512210878
950104137145439105405
2872980538976199610858728073759418362759715
2729630696019620714248438173555446184695025728659506709872545550

1075404963361274604758
604968627163576571260
650586264329566659265368846868495130012708
393584279182937687779479900706543931878047447427773248417882080

918073360443898104998
825375124292603712414
3031019655944443067972581446552226498012406
2501728225258469638061827688208379114654966416843442294468841520

708859538206662086887
758712194436822486382
537820375780249203337428566544826210305249
381239103213720921031232041222693394298804002194811813692819094

920637023720758507481
836840587473639274270
12326822844487397204276418165872444884148924
5416028791586560593793336381691520650232977809957259042354745480

767961537327585709325
678650226444738006551
11626365160443393814141
521177271208215160886693401676795831788075

912163210004335688831
782691375719589560440
21638833741545677065256
11423076443505446073428269783121662519130240

1140359184313899582286
1140477801562002419315
19388004009305938291326
1300554335517354509812847396712699918254090

945057375018059438663
958777649753703713656
906099888902219614327794240274134798500536
868748321923762163915781221425918662609095188432057243506519616

929627532253305175372
818849361909118094698
761224911598767043913684342619316650920478
623328533131975223549141082180820666002849132378546284878645544

888320268534972781214
1094270594615104202993
972062748458413705879193078543420769315824
1063699681758780832375073791721329102072414797508414216422429036

949353519639035406036
888259611586285605245
21081809715316068825872468850232335684042380
18726120109262633605919552454017406993495204042381747862644243000

689152607748472892468
868902432179510085516
14970159425387499602565063434486157413958752
8683920889679827039078225793040536384597229078335272892850053376

869891749437548885439
1173541332644304530825
25521348072280664133117970380527661823558550
23398824395705778867969351502967842793555461678368016839783219375

1110529388645178484644
1034100140203581488808
4593594385992706830417218109517480475774436
4750236598593442956389589930628893667410050874224970730349468832

1057024442394700957577
854806873967021268944
8131965833791332674183522383197429904639985
6951260293589790737305424743809769747957295573111004608709247440

789412138671910573870
1118180737294308182552
22067636181230840462631935590066625171210078
3774297807540301519194602862851561647735284360764701505919555920

819772028456292273244
1123025701885323150094
23015626441077068315346342915359215054968726
3018810683807043728975535339328218713257062077946613071237349280

938411831777423896907
1061973465981274638363
8969116189594569258946037372278177134735872
4799095824251162276662630198039265501905678682972131777077168687

758394136836873378001
1064165323009639280973
807056741595627930822520130545006232147314
858841798107218379056651708501588353951823003228734113777588297

896760682563503300193
812110762037107368005
6554421011534068864553299870388252517415853
5322915842388960767077001808070432926317596948760519592929102865

1168442247733316903001
1027298281832610937705
19205419416273126342729762316819258827780985
1233105898013253024223876737153706897435021986902800876614242025

1018896586091510993582
645620146743830060395
10525122614867020899301467644863548792676123
3105704825564844366203743992036291834197034554555131306085075030

1164027175661068308503
672863292052187583785
7049080417081648176507577670876262707085883
4743067455378165299702526053929711098201461374963186166673502255

1150204599620812635597
860735400210835219930
15840349062063418431245184459098493588720282
13634349189414484767046638599172534607599146679886669239498776160

682064392615534768566
816097482484290547223
2226524134822858626623321124150650367190935
1817060741119448032881855230445074804986748955071999821337917944

963711923498176797361
759831248367523253410
4003036916968269811001
732258433898286743137510701297489022251010

1104133130003090071263
1004086092946441517138
27716118014938202306566676902492676711188133
27829368649261781958723754664679098285212215902261621188698346650

708612128900800240063
818735501705133519158
13808380156182936546591
580165906869939428018764168120994409626954

913583832964416758136
676682991504208894454
8898937488183959717678
5563859769722187205884255959249969427999696

618327739069791531990
879224039421874854531
2174594449726148554477570069010183571605499
1822600998541040256246022534864324318024905105603661168308191550

888657863867994800131
999633661190668156282
3553329256016968077042716357042302055594376
3552027533608154814865998384226797841892179836109670700751253648

959640536231189791474
988971822719344498696
8541517052447360295892687784164400503427032
3643016001972638441048361872004552309681006756218412881796601984

994770281799886573906
692883304271542860679
6203337478601753197757869119597023110279037
4298188969685084060539810578056408024607059105255448426796760098

924561752481839885750
999233631507545261597
8314678777368681604148275601831747261074888
8308306669528824160146603848698142180464142345040236016715514500

780801222778416492086
739241413361852289174
577200599481379103383241391356909339532522
426690586953923113799898946536853489732069076426538074839880412

660474010814475498994
992167951134261337893
2621204584348904485289663138648731283240743
2600675181957185666625893671175750386829591364249067426045388274

613119507477522191604
854918240998533728693
8386672813673129912689154210980400831817449
769497017161878155604778731412944276728181613606505636198830884

838351356035827745540
945035977159921307167
19806804823866589130823790698440561476639543
3405535595297628895662534542752757794815973685565947923182559040

862371714195973285005
745028992571946131326
5782427365049714094180210407122647617421624
2216267466227389744283008679977670228566292645404615786475799120

1020342586540910287206
1127244891908504605685
10351583718074571806923567265783873588187881
2470103508339754285629664206718866152358457156151212239266324010

792972682173047930126
599553346175116581495
11885735625557702571177851384947819577926751
377002546343929644066087444814523582842215331170852813040632990

930868732885810302551
747231393561240700568
695574340496850362120610618957271701417855
519754983774902438352489984448359070712741212405894724184138024

1003645455906446455900
632111885439471622429
10150659543132511195881231755293698377993861
6416352542263657274953350152230065758956444050516459406049168000

658551228074719670378
1147237498508430484610
3022058654144385086917211231324447952740978
3467019010726358423908571886935949691787405418176621062898496480

935975566436331634126
810852701123530112444
12143013059688409872508813247682229535275358
9846194939226649132180586909695582015620375659336446001703904776

951321650926737150639
795407511853394776955
18917209683397494211153853460274821150033719
1321729673296684385254173602513017768453703894358239022060316530

1165859322868744238800
1108943753075279912176
11635851717538827750083079959022502967492816
2941030142031764648476129636012977521492728365615009797801337600

931493550213662889376
1023547090823926132941
953427513442445407367821269753282663296596
975877957695504723381194764970615406384262109992409255587530912

664262282455637875297
1028887645291659489643
17086281391296111719457377979968344551340647
453990891026465882334003594686461228093815449403952798697218358

648880819451413072761
779693930795849048994
8094854987777662173213685592275787107370934
1707618365992553822975187151169147514686524132165091342647362228

845617640105106474090
903816363819845268401
12228528970587454276103649814339905787423931
1337062774945442410954184696178914950885357994874465642211754190

902244503202242393842
635886374897198719970
9179599782595166685798174142025475607909652
882464117137783904981899144024746601018825235003440088800508880

979517338568207387699
1120274715768697677200
8399168217347620259596
4389314032220038968999594893908404611051200

672864403786215314205
758320406153020566382
17590714115956630124718
8163948927441165222992105277661619040900960

743857521176736058538
958965741789616786402
11413342073296548348009118676706914525716186
2806537838722221666778893908851435582432930461294263012276874008

1045670865919967172594
593165852377966998929
2481025001960896683227913997221575366753123
1471659310059182526041040032703464003802128318644681555969729242

621782448173405435808
907852476033598748894
14112168378211472864848363282265030668631150
8774698603239646167410625494154662472733226216507670200554219200

619882088514730231740
902207427014540117747
25034714029422423870635
2237048896525096690134078347573760786759120

1144539165549662320854
660706378235973458620
12099269229112650184930295587186873407470530
7994064351668977664423665714655764360962942551517938388516858600

690959399893945790097
602679362266071077032
1293638762160016867129
416426970479830428153412421061330989752104

1042877371570028332774
1063512626883011269155
9982019276597619418767340778429954429704594
10616003542451190083541890241801714348716117476789876198003373670

862082447948980436575
823237694548264664282
6387288902640387253522142673468300265770237
5258256990623387719723994688544225797220264798158908298287366450

877319123495580962072
1177040692952177622745
16522244944950971391018625187074921111046945
14495281453283679544174591406622239094719251782985383150256470040

932222484657405570229
635337806564281307061
5330485697689263948807100766567755279116499
552133180170072187574963860956002277512005932206020329307332870

933389691564321548649
667103772138389612452
9962684545882350774528133812408585248697517
996575718538544725412938569839607113909726245316458285547117496

689784004722062220432
640084517057544006416
11038001538413496270091105303723227616906256
7065253883995830537662295453133306453844732995356739510947897600
