29878845253096870050193
35290796350933887965781
16871171888449749468434207629405991240862477025
163235101730652089056290308058414862767642780372070910902156735951281

31371245896780482328444
34430743362483888359204
4320541265733698039219002236233652523239829508
148759447507498261447471492500661531820891733019392324746323534751232

31484931566048417778330
36776833902869346219103
1157916098647770709339369870221653615682770413
42584488033427540162351309168076981275176048840231558929720661674930

23069845739550507264921
24926087272519491388450
2300163953070391649328035567141886755505849289
57334087435336009976003872144165915449927561686032837357898360872050

20703874724048418710503
30220982794422202115720
625691441813339979585618143228111604437969183
12954237227212621502146291596902794497167613613656863501119589916040

33545597166383244612118
36637153599046650949830
1229015195956527026124762771831197104476451378
41228048674921221118833611656191229719907562482873729184350424152680

21239821736486660992598
23740242656601522378475
1124501609827204584276825
12605963050178821224020070021766663833238201250

22003631550476602505067
28727263135520878968339
632104113487590623725930163416063676300809032
18158621197203168143442397005626626642868768649382545681310533467559

28963863566325815017211
31285911057996369793815
529538440494267731718251
906160859432010987681164113087837354746349965

30399868583000619782907
31322700201043022084719
8569853727987914677609594781223978639679014079
268430959088556347371046857588493245901602514794954089986104318449840

37259314016803339048467
21201763308125336001190
12639410508918097003450854116946168992875606192
267977789964313488995528533073289098133364199503751621466407580710880

34628897315044871535301
37257620702068069895313
5160761285979220828750437799243744935487312153
44677868159908339646182690478636680462639150218024509944910514163113

19797234598060928410439
19707584793750645502034
395586092743977436575160
6242490872368955602124409898619217868181326816

37748930462586503297620
21627716493732552010678
20410579149661132293011529100336577222381348258
441434219321759797049806614747969862062878626327509419347301826679240

37140278227609615874667
22998729826103701292317
7687613021608036657353424136175416433502476691
176805334891599950557940825485508668709309802836626504298022738227223

21171207534770185953089
31026409945560705162362
5911799076146910924924221742963772082958938101
34286869644143334503715335740197433750316719197278360636814901549190

37056855816727186673145
20019926879522591519403
741875543835889700874414132688045341277035687
14852294141300568855072470650790797828573876936953388991596054647180

34720125198427819415430
32142614721516058239076
171023115515227335900796
4463982429343466724274915392464989318013370720

20064098494927913960660
27259722575480948487808
2187767034795439108086145807068597131182338048
43895573270092074980878361245557527642759543456581016598758693191680

35925868782982942779020
31761973048129409402796
10269688284141641413335978379724160500954375360
163976654994759936381903796392665199180742437304769850741486401913600

28100369069478860659532
19116993693495900673463
8595113252578154399539599928851188624373109755
25364911277239664505677049495595318053634644797973936225325846630736

19058680444253212357540
24627284478921655305781
11734088627337120373678004434452194114494121784
82018397468683931551965165274921904693823938760199194476955463822160

32869008506757095499827
26981571097168091155808
633830420496785892620464
14189719838695829868287435776971039294304723456

21903628634243679227305
28183278573656567261305
617316067572810344293193127040473310973876955
17397990700398715413556160796314233986970460678189445062194252423250

25780818254818196293793
31587061754004372597834
608516261083342746740516
3257361193134822414099972734392400104397777448

36269368746757998748289
27404123469576361996245
24848256482493756923372996743687377923999269406
144196892332413745729215155346654618186788546983977809292149659333800

27830165499440468693175
35010457036025488919347
760376761315276899364923
15589549016378229953054964864151171457029707600

31831132565139480947286
23889495688861094599861
12166875266983450009090165498373941556851514611
290660514237511808349090613206590737885840706497457235580558309586046

22590817197589975513944
27572897239749582336307
2491577124604464123347011573284588365764322683
73461763361043716934248674299861997201944697103826617174408297251992

25174187333047955925258
37490477124957786163044
943792294349036449104566830499124107634118560
35383223422003976666906387963542735381287874082090484202014381112896

29758001108418541674428
29446509931191589743090
14020308402743310766525545932241033387060804188
26076022061825327211545986443762597373898906457113053489831237861080

37009450029540638139830
26628693793461042283954
15768212996816566061517976284186233170262147544
419886915562301034375842938697483575620665128315458066411077925834860

29762192229977559947600
29002880653054089127801
21579732730482322776189168753869039075497148804
125830312216963553074040493167170480439676689076110229085551475790400

35510025289878313480374
29983448464789124920795
9582417119361824270679035762821783610957716765
31923767762944257637696600856793815354175794827948553101839960577350

37311584946221507032711
28748763421553734259475
1072661928502127816406587736734292134047361701
30837704013815259147609240469261400859961979374118843325854674956975

19520982962032295703357
36169168937774615883654
706057730585166023612075920663501917401810403
25537521337356625307105671169632575598719594711485378296099214852562

32709858360622974336379
23658828366565250715542
773876924848638353504822142285948400123191997
18309021341839249819885318046423955181244342968862710640281296502318

33272829243368819128306
37688709942651090869732
1254010010324686386384333132468093202730703724
41724460943008460000587585380097259133279682883265302818347628011544

24307774201350818019282
33601155191858959574576
20419232332706357837189545692475820328780678386
106859766005731316903214860156011589312649738261299307404684054206560

32748976850919785920039
36429445808387267059494
29825676936767785902388496437029670936971822447
525479006350111014162801618620670181320291516176688542480247816677376

34971675070282555109005
36143709987886320814980
5056024326123546550219806740815115795116658500
182743476935107834044315795715822811992710381232574328684591812726400

32126028610177725382360
23177143542004688794706
2978358306130554142684254975005438553696541730
69029837980709796867640653309068568651754485050680735806718791420480

23849544186156742753021
19373821394434813499595
462056809401281925157542700107899723652574831
8951806099422844630950178874375923787651503546960443872199725693445

31697704798890432926696
33697495341102864407742
1068133259784264271147890558439627224336994958
35993415545257260837274907464747802033407093013120428608862280626272

22169648470651650070682
24628445572369313813298
4914035826462042844986008304666718514538718944
108942446844851645465061953249067244253379121010554620625782968893692

34474530873011752447194
27855124308030108167427
24007308573219102292725162182409450890069360571
59854690607744667910407718113937554228044249436298334937254985781398

36126414241713405112129
30279926215708671838026
27347628941930221358841469569528183268770290782
191198850931023708550588732960000374958470721968105837561304916719284

34404299736961843984108
36963592433645507059742
31792662836050873126660626765252396350431786806
888062118086838296022942975384665680374835866880501051889085930880832

31042830670213284237892
24328936786582423911062
12083825040835217475369085936904281560454927722
293986615558601783241683855924131153588723713243837598125009392550168

37141358718200697123310
35395715715696911010588
5258579897936611574121937076129183896638960712
186131199135642780598922469933108536723696955443288592851224155595680

34398251086937163611473
37607038393550026969003
648047605324384715224284
11642547143676778726495858601677428593755542771

32336303148999492958834
33143096332984641518109
423599113672934002701942
9645526892878963300588092033315110094022724154

24487626977545312475076
36796995242217353029540
3604284373543712655579559833828217007827329700
132626834944886347394267990627398975532502362749881322440045617552400

23698701712064824150826
25703724462114609275871
5482304090250821928879250182752392162159549148
140915633753331030230825232572857153997720411988963384632720183773344

22353588756867070950206
28480444774937061521794
10186242401785705845672898584332784868669955642
75056563043581148980841910344278597887343395310746620060873733558552

21269359319027637175010
34787581072927942624176
375097330177370137424336
11838552986878550168564835094713081452304668160

19536011799202993617020
30691633686994826745182
9593473885535152222083474573126408460585630320
46854554755790130800923498752100736108527812141096241710660911331200

26774346031866520090216
31981883873829734566390
13700704409422224053713759943288483481818361480
438174337411808564743633929539751053042646963181969926012926996543600

24306046645670010644214
36827782053525346542650
895137788449555965735113605913989337832870206
32965939380894925433042134000047405906277637714726904766541567723400

29151381421107902952660
26504526148845428680347
6953791960356491041770955920873901241140318515
43002178067365049728347528510718708306513707636440527425569488763220

29019595836583050428592
24563593516304630917242
2851302224549089116803815564802577288730333056
29019595836583050428592

22648333047271871596580
30818127159734777936385
11167667324909567877221864544553874172960354920
63232262233921905996467635547821370471192254167466419112546397619300

27679114449214873463015
22298414005988999825315
617200353307745435037260800589369834985989000
13762589002698789925213401573319126249294550027344108004070452138100

35342972229454564062930
18903274532508127060541
6012881161633713975225456584592023846471172540
113663143329708468530495145001146171339418552336381324458443836744140

23341930231162276081034
24907767420819826559009
2325581477403172572985256462208538207877501396
54283560592428143504950679022028362988173899733688500294669406086840

19001957412626012260752
34597227870251976325557
2629660202341783218728383544677936603522955133
49968691174576066918690205314533490032959132301981194966707153234512

20765395705198612854156
34343262389951329899860
11410422933356870310814857589328415950878043900
468189579968317834557834670180105903696808755246895025873524144654400

37036206209880343729488
25225013303045312704059
3736955177354244365064633162056979075194743035
94264744061644869996300724399927855283662781285664014600798991403584

31527992212185275987369
36491335174869305846217
10354486780849698908930845617195953674011885026
36272908731978299522815198904152661503401429633562180079341689854937

27502299395829527638794
20267992171301044873598
13935409721186258061974527569221850711986153486
60521076435484798834621263377949484529367333909867982544340867907032

32003278492475156552799
37481786924715621050055
1199540065347287975036269864453355884992366021
44960905137006500062701289620527860558844423728159377442473874132755

22233445104382171541918
34365659737714485112834
19101675231358790508821350769938162951441088412
152890577156934822521554754222468589364822161597263884728979027914852

34526008634834850136218
24352133681502447056504
21019549444105151882154788274732328283209909034
110928186302348359008515387110079406664804807662330394931583363342048

19939378633330775058191
32170650290550844624225
289535852614957601618025
5773164993213894016400467312852025015129492775

27603672910849224903314
29187772527805941468749
805689725853826071561340531918891009174882753
23516288446211804990357375580442894668699758248215666213894595960988

19723363961978876076062
33968703542316119030162
10719633652506590908501586401776522374320085712
353113309956927740382699280913697713459044661343069777309327905130428

20287297604796360352426
24163649019882287050257
490215138884197842486558458855342862528087298
11845386560230606420070367210819829664485026991445388386795909078802

21164633199149344763874
27806927269375942376560
334920878220980860444536
2354093664207061220087836708484014334369573760

32774843177996264931072
35719645587491328805377
962249661799871938498308
29267644562590864117317806175010390125199353600

30954442943100282064500
37274121679216619336064
10384197054961393062450448250930004778688100564
387061824567593833528726545735451317775517352123238490888302772928000

23151999314449955103829
36052716833640439650237
7512232278748516333660385404719900179835532573
77299198474477544084618999055934923237040533060759333092428019856468

20633525017360485097722
27603076943800188485768
14238719466900689751498620253862130229471441218
309516273096514945233347622867126905713885606264611223018110188653728

24084628230828967377875
32472591639061249620930
543646094455808961312755
782090297318315262463165729378683179818923750

26975131313484432493098
19665990144610615868922
518624884928749829216148
530492666560562066952966963948405086037700356

29269100800451420349483
27043271433524120881786
19788305939044646909052585293952067358827089099
535140528719201803424970168032357065870529251944265494275063789302650

36205108438198561637527
25749488294720135122982
14916208255015472888813862798906641294323657679
129773866051006426604143483083568793562474911492247915082192361514870

34467028664282154825190
32695977096335051261623
310203257978539393426710
10142398618074837259958717679060584338686150330

37305691803383851146252
24706817671534620241855
921704925496668369070993734664202237102329888
22772395541201586622775509749243442333273266366782360862711779698140

30222086518496654203712
22898140761204296472378
692029591197831083728098294219370891478133386
15846190990166601957365358798156635193258854103468314980029695837952

30419509858505353042888
27036587205840228109064
20560993276209912893761642027652570159689833608
400291416106451022506253541477027731566815152183483154514885715002368

26426030478657660288393
36810584671150751062591
8754818692113343931791108200564547665243853360
267162882786976968774627421568235109114580331271558687068202551512031

31935896709907226075789
29761608597917344276939
8554172922933976140529100223917637733177292314
273185182905504647983101724454053221164334789404816942982634771185746

19450267536316566407739
29366421368508294696219
5140662769815209996376330341822053832427157308
11109696242987553428664317360315868951007352938002231492400691390499

31419650341742847901929
33326887522620529263176
16753906447029273055221911395334741022828432648
314075000095116481898825990946943074775230504948253430820064400310336

19822682448175464151300
22605260763348105792472
11202422644251249782531830055958122345296572600
142119722705435277278738358399222481603419745726969486332921067097600

21386933607298184733487
23055471794761022735433
7889373512951838614186965610867149663613218351
10545594220292363610533375333957298770646830954375471298108128340048

30442680396725970133775
28782743466024112726795
14019581764433996171132086010483063681816692930
51894729523567819234477588541473640701193378640766582503430285142375

33390251274185636635149
31388814684895551217405
1048080409527510501533568197330324979514978561
32898001749528464819187821911015532575675469602619978318425725318105

21834738700587209848709
37301551109029365974256
7330226594330297293721290213742267989642811396
101515905684707461108788033123675389702675485191878273914292909184384

31637144380178804098146
18977942741151465553357
15010197863514380427417212170182029413986836913
284862675587129972707006982414932482169062363022275672871861732941900
