691014644940324186384341
794925491511593810736848
8788882500334346960651812256988437633484033091536
436656671338495394520309014661747407336934368245014720750785740180446464

689660169374201773340042
999179867009061859357427
17227363907919050114408907526526340277486563299400
11881026710606462664540249180335072969828984346138066743845103179640530700

1012721638798541861498942
928318367369652439380139
18903980433108606476077992
3760512393317524988171084117862548043631537251752

1192724098411665395350877
678240721738940882839808
20223851333553887270453975131731736205414860981085
1513524574921409905491739278635558457428887791147133510897126909623496960

785517802597000100028075
830982087599611222004238
5874761011038430073236298518751827895335721285850
4881821169101517288273067969606949895766844111944366756030362595509432300

820034073946095358317923
778820396223178568644889
10218548198195284807716076575035392479571049256383
7958413756544099159780249364214738136997468956258579977845391208300287203

854778676403623613196195
766910872136751494522489
16388476505115026766005885149401961146515349108611
4252323370375125152154980738936958961312236305942989425213586503299075280

636771084879137934193732
840010295787927421242018
8558308277736385508449113566275884264902604164836
340605202921519045371207195671694050648518974221661719995448206373620008

676121369459482583944443
949475411699996449085842
10271369850027322112171005073925607011348294889555
3906389615189238716188852877833279566805519571477733524895342362069495976

942077348148897026494938
1157657160761144700698369
44014666589410969941378233
17449641409207049120257281241085739248397493697952

938330822608042911366398
625781903464243284008527
5284714034257472688790567130319749888340025160481
3307078407621841449471518456340530842741355800815140652188677718929678262

649282019566904736544821
1009799561933336644320633
655644698929852514452105238948891654434144152339
425698314239509865269525669518140960231635016656769248418242787383564278

1004655441066388817820575
936471782748082592045517
940831471943002362994900989285714686993827907103
881062125795966071513158203615137243129336777668183694554713376025431650

949168008279931244038765
848261047239448778510608
20128556217742906658507816363061293223463253767968
12910415040504451528370170552825009105131110469204994145602447475226919680

862264148388309424060090
604567910822383726448278
8340755756290593607546264203072244346959922434822
2836436221271461123252566847508673584521110008114380852740645850421240040

1090330130060110772853014
976305167462415281381815
17031919043482455712313276260984792164726046603991
5681875537335465778021385172939876472405802436532442889683074523662988750

765877298737063686360296
762621349442128037903862
9345190065119221314507689326175652481546089479030
7126841458254388952029232396600288400460956813358551280740264718050498816

916022860263566479921891
748383298443959530200965
17138405240352952754553829240522697117620012116624
4564042757195006742038084372497306156257213299978428194479090907233185820

893423020170295817666869
703327553002532096283725
628369026572506033834951568815498731985700543746
441949249841823736731861852392462201501138011795857229914444135590831350

778905370254878819943163
1135705555782947757724181
14153714502842237676506837327273491385859634469225
3760754321069771038042813865411667862316900876394087249140993479620897011

919148783037716153066571
672640198841486375836578
5564307781686596516635552453001861581277760852654
1663456485639512108509586422358354332815457437640534318926443737951367856

757002593667314911752713
1192849485095224879422683
16883439439057938105734140
14447842465148901352346760086854951075057583823664

638095299904489716428588
646672668176778433136496
3713749111262681976692860665868657075330811541356
530145099960063483960799219817875962549324627980509945604242153419670080

785841190353069354019852
1126579716704721767696123
885312745602862205374041413971646001556509751428
997375382136351915162578347960427992662939003048559266368593170969313644

679010133240593133262925
1066423903111685383215272
2896450546171275496589108375803971207294121829372
2738930295435032655656576266735681517650652252808169224922322057451263200

990343008043492006432841
1092495162560459435080686
9737504510067802668939447725354051622373838171310
9643469507337617587899607953912477597823191253254930462749558035767991710

1203137651228670168162471
833308234245716614229927
4010338046799607912449680264202982546662705688418
3341847716506997308192910503623546589027926855648535382286029226912252261

1034549049873112992044369
1129708101056955243608000
10518645983241885861247388277541646321990756644369
2529450531925898907308247268964387887525295064578122718396436853544240000

1081643664979777152339762
918548108659505468354001
3974166970842840293631796914465109652030453199099
3650463554564766966484359484837768331471664215275709874898101156013537098

1026032309046789554740201
926572553586918542285809
950693376656166181353275052866395352970721755870
880886389686474072636572240257131648856999254237444088578240465292310906

777545958291448078130890
970322782009029261649120
754470557389234531882152434984603302013738044170
586635532547895336936422907049378791905258480869290042200041901889219200

658583966329645651830121
1060290620579672415649368
2793161609453928284918050443159056536282630174569
2961563056267222220102530437515323604241807247153962702383403816215722968

1160345459098496689550339
1126149699835113285066739
5226890761875235065798541518836011138669379567264
5886261462556722559737870213168836223781513920402061810929756270234126160

654498519243951046442326
1189111961034501740689172
12452352283397635270647046695769847653718786315386
5509853513655842633461857007222209230705590665845077264182872809334058280

824708713563024817786821
934693786579079787177681
12333601764879765806124485426026961688082326903333
635726802819540259002310953598878009240502443895581316366367178679193022

1040481481327333918231395
1123656371758717120066293
18706298339046518506561391144141684228844497750928
21019451320689127388169365902249511659879206625126509409205689700047508055

643214006084500205499434
836727317990949522708511
2152778920821192578249429402410203131223156305431
1835019787037208135863433472446588952786298593473333627120992515622620274

958634066219161146109326
1031712999594590005471072
15824563647560473151915804050059126128860912356504
4812891950657461851996199709260318463713390168469154585593212178191215360

674263902567842687005403
637369450181795059490109
429755212857097327382510551212741151031995064330
273912843731488426637801154464086595677587289402641524898721214453711970

829071793197352014883382
810978435421124363802669
12975654966737989820842704
10757749531183592234099114713530017735521525544928

648010739544497845244005
827551612344156814029006
8580197317222058386246689404767069792896506208576
5560060008970782432968667861650847395175567616144354701078464516143586880

926586734594307331162770
1062981257952105491511052
984944332740790510292299936631222342296032779590
1046977365829602659839347671498245391395904677853084186320903016811361080

976846369740259309082633
1060264415474424948677295
25892886130524250678060705201551503141602810197878
16187757963968335576605788828391249480720539292470571104769645486737823840

727612263865478362195173
770594306520676198871874
560693867889357563675863519193260412816658631023
432067502296595128430049868550564477377045204381831889061917236745459598

631705806858228902161725
846690623138924690335766
534859383249271035449025297474973015510963716206
452860424495026231491262610703473836064104525276548482547620164174715700

883399283797687104845692
1003157399899639054566865
7975696757469220213142783180704748704644981862005
7045724803335844486452237421636823674787982013355789213578920084362732460

690883743523688062457370
885975265619818668462304
15302647704520355172152755640715470451343994226784
7308615035018801957667771637726885011430933705059991450646630753409715200

1111508077028477280042841
1009203579233342033591572
8482846625047277254537652
4486951718735634043946811816365344830181026144208

819699701900865889623233
672934693109634664828602
4964439306066463853512105360545520847228390430093
3340743440889243530241299403874482166380393326502261787116299904870645582

890959972955030756959849
830522657736437636706096
18499061116884918566743635661295146129051625802313
3117499224403578721635078386712234252301758017121520310725798285499379936

1032936524971792202973340
1006019372027993877351124
1039154154196900608141318016074947473747855412204
1045409209645447068090229677228140017179305021102333387590892918117703280

617686997947318228672889
1188896909240711315161260
1188896909240711315161260
734366162737740236542462381036407353594825080140

746731103866206309511252
807846370952416452716897
603244012335606721887396338493750794110188493900
487328486164094634375716680379135819076455009825214293987477872194193864

1015730832629560514395192
858259104611738232148173
21794005873479548872244909564301151409968799928472
14167579988609865254034936139402964369834463069177167874058451378622231552

678206713738031489319241
1175388955353592539799806
797156680774337810407952978301880462372767740415
936969158268486165165773263504633697384761355792692831204146639075359490

911641169560656515580822
795542990902953743837907
11603995882600823645755414583456680424444563812528
9231477590869819745281024864014492082455783430360868817608401840525648512

1188994914390823209927796
968856113037924571523229
14576378681669107175443080
10367684920606975746411579838668887774245440959556

951971211879349597216638
819563263659664104620838
7021805699860968197896286003188882564647023273700
3610337946985996519554176533158661579639989279067840229609223585710069736

811380909433245107909192
958909206845233842223369
19451015607849939500388535360591655651592391179296
1377357627286207132568876086082878656793173664718344209818001202792946576

915991703437442077370284
611544989715855889690349
15288624742896397242258725
14004253421461495830168397209128053391824354727900

1029249146095449476767719
969668025403042499047380
15968479794274273657749279683657241134072358376371
10212751375318464455414005974510354026643028273243806016390657969879133220

885381276208409999091857
699904654915866837535878
2478729906374467927036016957151405603265967092724
1734874599750660889363025637127644232201793402708546418744787335953828136

866052327794105777781384
946482937079662258339432
13115260014003898433846329116328129497356173299240
12134337078416648964338723213784824841597106731377445009553577226514269696

912219241934138355482991
898256987161814536253731
13110516926252696083721436796159309850999940846279
3725954792602088541758074977281913879181504226681529490264273397682690279

829254244105004421903087
803488949343546852673596
5996669592011464208013861596465876290567626629424
4818257750045687137307164748299793168791849547280494594573900960481347760

1113162408800331761934022
708254942250645008863465
7095624998044210771046203033756281558939016922060
5025511473222035603609710814991073859416956284584322545127967746897638300

696502002914879420019745
907168516965557978284622
14433034678923936584739303
5686602201430487132255402708971228613044228752510

727290817927602367794200
1155468285277378943946719
840361474288789121096035919592669910036047605271
971011031709637338751214106084241255704688492066071741998439410569771200

989355235514743835963291
944715080099167127527046
3738635242263366323925658595874779231221785829614
3531945092356405215623366207661483722519651706198182870422008630179365200

772392950352039470436544
1162010575068377046736789
8077758987756004076970501688923186044753855703565
7282142026410686705699946392943528525924301233552002319830512334691852736

1016904419465972909664449
803097100069964563608092
22001693376313189204709513
7350056912893082997322421057108826445540150091772

746943252821647982116470
868287727062005558123518
10376986547788955137021598419891768543930265298628
9010210063332679574165348941908825157207391651737769253113675242235236980

1060562770778614288015098
785190307612226695731389
20818590205743390565266985757861392621023466496433
10564040656062870349958947602918859543448602393368265101385000764404913534

985020045760329647406986
1094460955092289075658912
26951649501697516913614589712096776208356229911008
10619110099778573268863246023145435665190138307880594318397002849693280256

790240788378546474733157
659854851871806920992848
13718640783463096634818196
2085776873434342816963535837874566145569221844544

1092966632794768203336936
876924500656554867908487
3833796874791313090200377116681259660972971148751
1888040617776199965468617008332271195369469769242710048646875866065616936

666468982022378923214080
1023310249767655532675039
10912072647291451214277334934902040356676555600624
454534871812161186497642305823188622712310950310882142542200722088958720

667123933966748032788743
679409519750006925427089
8783181413617054459998773
1813001406360334454177684593600903050483945836508

1049564738766000396755916
702976541795660731144556
6640374514035501132715831452379113688964096052560
8298715577075053828247665409733519808614997582822152067578982012513545216

1095904450221292046286534
850487945373942162665129
932053524194866347881209345544039868276783878300
792700286771033770316216727052572553281967434409454429164564185708414444

786272071930599721964347
696737652516457142488353
8765205722178831755535480345745111730415110074069
2104649669687293212579707046045134489646911676839735092824747092568510795

853850793639488397234494
894216436267887800882066
12216438620684975917245962439211531922482456115760
6550205157047123919525461426976261436539980576041586348088800267284346684

1141725101672628333827717
1094546881944579938686141
11247044850662704671579446886752331477654962118909
12310417872383707116740663579939800688361510014646902965886501413650452645

630279340341386063788861
766983251993146097894628
483413698119131200494532601332842321023936655112
370770210241444261406655656755433128956468896951159807102697565562279952

1094717396665477894425429
1048940085614086010535474
18372687356504251806821035642047761200650726664293
16131468578044956336201808381877961931719635628026284269013038296873057922

1205769551824281922730124
990418202275214372413586
10747945006883966090989854782113371254367616986234
10644960371870884258272437533406068077240851535732319851147748010580160560

702070663389576644926368
967866513226090465405442
2718042740052791163617543825234786705651706041042
1134740154811117421553965329283483025343011665075178100308236996077785984

1054840742247733710135097
608413216701201057263629
10268464785574818864060300953981782013212107705257
3098365609713525946314489236520748043040879602947710128555640934643679273

795268475251490304617185
658472920582738845669756
11330835204575311835333281
523662755546230388498567666682053694510512356860

1143314489335371705881158
992615699829037978454204
28371797798907729105851149194038806867899509758532
21886739684772982698235609934528672275944865763718490869326026605473449824

632704066250509455261647
808781735944115600182013
2046877972163951044424501421724923081495839720204
1655477519592531455353610209351249670081151965039675759274526837733775948

703339979536359089521151
815835657709853322583138
14345245869967007364171290132169459018855140816517
4100385101158952112047014334517850510389048405501687279401595919433404028

985169609056417393540763
1133160363143581433034534
5073838799369251007197586
4465420607825560341578227563467324054887662837768

1008437756331541371014436
1188164290238327490926105
1198189731001197297918646801897808691900298970636
1208299763990340502577897856265871234942742826675568629762917434175703200

705092735982274409005683
1204361957926023950944113
849186868027029085697407715907253887313236170631
598755492137396520885571508969377773013927572274201047010589803236695973

1198011506675603455989987
790146039165625979558150
8519436421871147622002537240419638085215500388998
6731598944664860264565360826759588110487971446534050792900819444235543700

857906003422553095778505
751580329713216891848026
2579141107661082540015904773036902763380894228626
1938431724072827840364821097528677571071975759220219852846508997410695600

630955175323276269367834
1171891409545208722181173
11830575196311016363157420418235252985698014153687
12529888476351626487378992707299621333434752762181709688495895986427599536

769905757323563173073300
1114686284586483335323386
13731254209803925047554052292388654300631849447776
10571771671401455917708620774330462422748602245780911591452372243003740800

611669855528009870034218
1083688437267578342894739
16571488746520860802970105731327761082317034614422
1621804820394953008184302801959786222097647121063022643479048124418048944
