22329837263725765057954710
36835076614958531464145812
7402691397680050775418564976285209677355980225034820
103764697965061309114190805971465093786291795787011371104311523907350329859360

28636419418493682454494425
30176105559763968431549919
7777220537035260710548220348600199067883410901841794
125059247191310874247388808555590403950226237178067914410677333446142325299925

31324982201843946529989210
29286743649513937839394539
8256660512138912977183307122464741294034998460695921
241810699820076807304509774843341964744900594674636031663177050663036299772730

27801421665626981372227042
34199539265042429658435795
15212732990041780081731270158072686326685603124773413
270418056256640815686485534470052408597215520420989332376009087429684498741470

25085807780478090443317349
35359404827504696948355880
22175480818372296955575688115685067752046056197370349
22251593969974656774395275653386264910512866699477559785480846007182478619880

36375432074811662619466100
22521752659763493079353010
20480962102023396004294144988497208002667945455325660
461267162695760721063307766374139145869555310908974660238808450530128514275000

26119992887596461810825982
34830777893244923637453924
22744491771025236990345927944997213655990004036975878
126742087773440747227943051334143667427285251288027488076436393968445956098904

37054964843028033001415794
19428802704784045738131919
11518937618686412326200202261585895496529778826586652
55949791590543315669768983927480222682784542581636666752444628666888568513736

30878528896080797677895046
26864280728541257335077068
829529468748687718050536427532268856664017464533262
22284712521062438648938122609300622461364006344902981248015049457437427809832

25719283474272620296942720
26912804916370287468365940
2768712234927701053670543226447002579495665903598080
71209294828792434446116118596597081177878498424022109253133302884155817984000

24533081604508904668925877
22545398339663021525120406
98132326418035618675703508
2212432389092449901659342733213046629024276456584248

22584730289883274247527813
35902740965090258123119548
810853721364107010762173570393443296987404612096617
29111871118715006590949589533140217775018321485964504997105783228579221780252

37764303364523428712737370
30154223429315142289172819
28468831032656925763008731060374469328298663931621489
858455491730157467543737271009917026194556417950314408303588176655531966700730

22058545906571560716750875
32049628340409327067094940
11311491168567616711774809752008213823671082717174000
249515047213627561501525103497212285212388555711262637182523837782773015000000

31380343002412054131789875
28158297912279632939415211
3534468187405752529505727843591169628825410085587751
27728206012976530786029818708325109196808005743526164293734465369707963326375

24070120462983565940597930
31843741242969701290094147
19162067192758968499413038255342435385604377958650708
263674681132476198559085793041718811178066090970785610296969378275826778920180

34066367201098996362287121
27900876231111919823081112
833787374582193981026176284
3801925979685894745890621581444325245001749663834208

30137832891053379798111255
35043317565804812015603472
1056129648746340925666738577158272761878074202809180
37010286671679915021241678151992022159135537850514594960108078561706900103360

24344440255339525023780229
22045588495511683672535835
13417187800569613694467385328900442878451171583056975
295789801018357186038243085461264868448965959574582216868187913851935555518500

29437273414004525522895877
29136334670315822027667847
857694249972026259908275586487866512517398304835132
24990066711990473983861136153259544771801629191158820382326200930830761939168

37620142392522220923332100
22580122955092029461992449
13591479052979548519727609671525552366272695990270541
51138165340994353943580399343199252737423157365680757107448965587089501695000

33267326832625715282982734
22205571551528512219658436
2954880025239818842660964139220025184994696321684754
40978939844373887414099288129604472116411359770755516025821165383860558312104

33263906366395682618312646
36300338080760316922485638
1207491046986918741015478148569678872851780381550692
43832333235116391513123853191008731825419248197640354802596174041852478688792

23092885352658241875158567
36403908386371042135000571
840671282755140372275675109816078207048615270700895
19413525551936596347181465603928922675208621717666886254353472962795960323976

33133876519972034818292075
25301693093751253890597107
3353372698858333054245317845128338944749290046335012
84846006855477888710731786184877141331308003379084156372782916126309691699100

20382572892999673519590389
28138839768999669630373232
2294167810864295444616268789722838358269863983387805
64555220433107148995770375641596235414971248863649978028548474427661348103344

38313504948272506350470258
34348739333136386421598181
5264082377628173644486676970170745548105291910227838
180814593417306956669816226253295643024113527814824226428047842648506906327634

30172995480587622920254084
28701069508799941962541599
865997240577051875339207455159602714766614845467047
24855046996230911436015139783216692771875804635296371983761771776021184268128

38033058864353252694638312
37002993280540053789095456
1407337021596047738556428780131135212289518439982376
52075682353573807035409968315812559349992584478735623676751931204634744116480

29486615969736841580544393
29918090719278449229687090
7939649264284003594194997363855346538469480870870770
234113388790346065444706757227973646901596673100912760352115340242352551092610

37836032229223546692668156
27660562166230659686853387
26164148039998618063732965717608596982431677463453988
723715043386843843699667976500177082591843236057657522572609418456772642509052

32246500319758234764757234
21887103407919989134137166
11292519792673175671106434672367648836354876160599590
106483595053716750580827116311372850870824566236987490125180037145083816541464

32514217470489120007078246
19875671564723615698835605
16156047690686010247326736169996038256403900791567025
321112297684086571265521726869392696266821588275466158529187481946275421024500

36697102848040698632982417
33613572864268486188625646
19736331847842729734631896381188792503319554157991120
663408628640844289662986862754871886456871114820254215483269907910639809586464

38407429201695522651339920
36951896193626930387487467
1419227336925128597077009586996860854744241912092188
52443141229214944476636652777442414054062763688939579337363680698050270303440

33838359291971577794016869
21494383607807338798083370
6546012077524041258889816013429729040664701455072415
140702494695641615106380380259131323059363066949039722005438048086399028328150

31351824225285597981428243
36795717729881223386759153
18457805992167374855335835547383318810231142389163876
367958826291149621175163122920860766350774278253081878091201990932031107131471

35838057865513803591673164
27914593177420968075706989
25010120139617237089903972329979792044667019856254625
698147329015838076009800021468981217034568387133185665812621222340945889921100

30249713320210899550086184
30459224852480586111634343
8292445377690427718038871677936688233117358240967183
252581458335986036391803649217697833839941207688109942795505269929681732724544

22131948963634908177854593
32928219865653009052486180
11660250904479704145470373147131649528099667358760665
403225121751754045112469363701587805002410608879135517405696680301526215770500

37864662895929564721918991
27671424249194045329039096
9429922359413850434514473618930255600090017521709464
260939382244301546727128577876792378221796936378473789468550736775855623215680

34477819930321699980612209
24116421129886093254600485
7483334625720163051679010913044164258219836918804106
180471249289725979394605696947351189224542049149744687583110837119821158650510

34763732066045698211243050
38221708265903387951614134
21259667604198872414239550171758698171117012273902656
812580812997766518027974888392948119362250527330797723187425978174534532610300

23804758460626741701104981
38671812162785302472562031
920573147769831563537096652055214582670290719739671
21914021427999689625509559765423274574837709454854633069141640127732978390890

30962925053290035930264673
31179866543890745916656308
24135496774251864560907019676367792186629538631798925
747305577745083903804190933903292341190587609779844153156178747176873571953300

33540705816172339329368168
31234092855496470421354332
4190454079604869502580522377263978979466731324232432
130885031829072492256325103194124999419957924667741215473159457038259417430528

19645026722499339533205158
22304908693172067982464979
7010888437124369554472918131974220965351826088054251
147502667348774550733718990453700007623732740964198766223352417526232438013686

34267903263272523708870672
38335885600775430780556351
5254761677117018150008091392685328299853124129441335
201445942513296849560758266926728960819659183001688458216428214805136338251776

20318179428869885103783046
34956452045000003596777054
11364023437551931204080215750928861841931893115988792
57724066809515721494945434130250558343394617184007096382719802902826396866992

25279041237453873722496102
33251367094224206251516448
537470128176158804566003424
13449002879625767937869078683005062905084308302171136

33899331797958432288394513
29565058313904564407304366
25055893035226007848307003330405945574471396801205927
152499751450757233705685480032406316487569407763589576158108162148868132989566

34633491700069820626446551
37684812200603679598496674
477697276605712398892256270
5220626522273189798237442674068272160663944849085496

21792250719668504184047164
25889777913879046276890019
5077768782382095520494637299184366549948022288129520
110656010402176485315872438873665599138828209229491381974032897509073832695216

38131815145302270507332143
19632586808232528870235157
6737635538960604363274046189639185453103106354631271
132277214600876626034052021743075861337868705748456245298836801817817825428322

37895658591354599178366830
33963961465822479120021809
1287086688118732176575435984372220733006148900584109
43714562678437694916499361654928399372502381909750486557614982263420283200700

30110887370323441772468291
24975636010827588865436034
220346093524604122551617300
3008154251696895171182701831223044571227984615191576

30254235904946270769912681
26114140295483867134114459
12641013775270915675915305141843547862544275887933996
330109207204568864701708764121408535597240545182392451684659903689168049797440

32576908919898472991074155
20739260088013171579109173
6080588882579616113240109538359594137135482330368210
126106914324100041897179547377152315158856626746051196806953520989556878590330

20281896450452994365787304
37264121929407265021007317
755787062289292796313810745286311607558787078415236
28163741241816730266819507037221008690992611859972555612987755952043250127856

20978039794383827766755019
35589310752704461966780093
11945503635598823390832532983959936431419330670170901
277164015693104273611129860832245731525306910626928629282410944367849413804771

28368216853934578061714738
33162407442257358589192427
8466825291484416144861350769013038053184475220602427
280780310058615631401330187747677798413432331035418036782970307724938058867368

28480975029915890385683812
33093679234126530734488565
942540251915203749112810911380503357192349701161173
31192124762134567351253434338908878296171175823507313448563044612569748653720

22675999692722861327964684
34307143290551945628317041
19448719267868877318385026319698855108692663925733948
97252264292347500843624255305746207076350480184533576655133388101057897374232

33035581276685109971741430
25345743670799463505142235
20932784376368072156284727747702381690924023058216355
270171891345401043444865267715311480278563506964180469615338371636376971835250

38155369031003433548522428
25408625015219838894891801
15511607424417570981981470353250874575227916476092157
394128616430326070492491910485255346416519831896661304765197158427946346492348

22970688761520652911934812
19651027052449225225954667
7222362020256539838053792849162910081068679194961647
102190656390981723990788227895500236080944165723582785371849486195193871590336

34943732541192545360868674
28211743263267508313622448
3943294444449641602136308880995878531765418120915106
111247210478282368258785029264020978647548393687107729927044055002595654386784

38236881220620115690817401
26899951446599434883634133
1028570248304070846538906058077609911287450130660882
27668489738796230503142371382222140349953745835390246109520754557328180423617

20413203239143609880086982
20232687689941010250289583
323723003039056164004633328
6608223454222157952210132827413258286935531656136096

34128499359059312822760520
29815433591075580554913682
1017556006203098456617040385542914650886929842699858
30338873528148573539304534358206406521775879935077993305265481053068786483040

28851265495314151221252743
22634408898547731975093796
653031340461501762341344878573113195211698708137564
14780978383572369061890740721376939643147659016928048556611784138470391746400

33211780189807826638205411
26146081654148948425025318
21708947918059047405058849067523516737052245001584114
567603924891238668247477020768223525888537894173920099042501852585087500580268

24488450764476938249770322
36652647976850801812384566
897566565368816121732028975900795202866151885573630
21980014643874924924743583850553626949132259228386835470743121252286967825176

20703518517135858235050922
23470506487276278958520262
1943688262663526911598777533866938747157196691450448
40241185937593955211667772405773924027175050783876946020876652225161319713056

24778724340222335331073130
29640157930479956456077428
734445302760017779246879600322605329700286231841008
21769074765106093631180785539360331959315581533651404879665733150205336044480

27411961168336998811710844
24467546899546291968535400
6036331009453445578414582476498767138304085544308176
89951655221828122344801377173299900428947157683958071213923625107484477328000

30255857583372873282733348
24509641905217664484184086
741560234903733431885168543933731739503611171690094
18175375808639599889103935470410431118460557102714626734504833464639017745520

26526663452765998430305502
22189119872823198599100786
2354413260717851445315791104544785944374714630935838
52242358072232944188327790652224333037916794676054356734173669889284461368668

24077192445006217193639065
26604424571298579923022443
10248957604668926995536645382319304268182997346570873
15422882788020231596076141303248325160187782413337058705337398473413019367470

23647969851235635728163131
22482549659617780748963237
13291666413238732082375465983574169810121785169457100
298830550194713544695943005911655920703284013594894310599555090631923710678475

21718911864632105493116630
25578591553261791732257620
8888626809067457353258089692650143542596742903567270
227358554618509177472972390577005323732371451264247564833459021161635871067000

27855834951187017236091124
26812044685081696968909600
6721847023063381534871086728537394293407486330064496
83218960551813932310662534810643862041311238049777549460786026966690900800000

36738272208669241246931540
29144322675637982853403569
26767801494871992174519900101990226470456611207786229
188549622202755872880901184822433109062174201437623878409590258956420379243540

29926136235215928826231823
37580106039437472227816371
28115684326751667621010621735681591587247953369632956
303677471660699755461096010900706563586399912844077035219283909484164247915740

22475418632002682734949205
37749150900793642923596938
3393711877991913186874359841412536087752970952683303
51096209242600194025695092090884434077594837681189791927139796152531807743470

28557766293766395726051839
21252543947436567492109647
606925183198893029730833282225082910289033602211736
12898704128740463961233833477416921038195519478109099472162561776225094783448

24484795585868153207987924
21500361068077819351143908
526431945774243283119467279466884210289307556571476
11318476911916993993983860904972467628799435074751514244923798335580026156608

24990296838235105693955379
30004787841419799192005573
894800511528655835076934632
18745713868133708741150318650409582265807154533179175

27223395496995588793123037
38300395170811659904445933
9384001248836031634000989274461207818461110243741214
494093443730625668506991762244638367309958856445950524999857448630506712417525

30897314476740395643990997
30002127648138904101657477
23174629322896386019501531544453023788843771854200491
369018281568725270380044114304291893769364214976556389025585570443957985578410

30847745874718776215215194
22138735620137651648715907
17073252259939771788935444573656630202367170435580682
377980217958724286080899541476000867590185179023971759249497922754321215977978

28504296257655641676505257
31498108768956380934260343
14365302782499099515211628634031566837222639762641161
25592052896454953663571292667876649718122033038012843881950909200896367027958

33951107842836953661976889
24518540753870501522275514
3329726485134601034222730833788446998248024571393396
81640034525014696122056738060535380057442079221669054704921558333549496248760

30798345291963691453828735
36337627560080310099648699
17906220810978071988342339836631023182535647937529475
592148820338016300843389205493171222277173264280435439717516297823977608358375

20815513392261830220789069
29919476501331913791028054
15569731595073439512309277372601111072047715183971225
324091956531173327653140323286738691453546067381341447511207629379095743370500

31298259296062356762809256
35442568304926101259833189
9983616236333805556563773877904097475209038376340612
353845000386430149556926104273453972749147397546319570775952220679918942532784

33404011633557230862437572
26449824206103156359294124
14136483767779415727641086784049687332044164015479116
373907510550196341180202919397890452940911390700001867300222541317387555168000

22643774169789957509632387
33651301147144523419119866
12191879419128549208924316634771529533197860337972549
180931505270704984860893817212687337873114834561218755685444632179746559812836

20414981958476872017687093
22704201884962730808335710
463505871863130739517442304593148718400237245567617
10523530889646186908977353814293924537722128626673091811011338398252510600570

22151632191563912559511805
28494625529188501161194126
5680822177430378006794594589900379199907031681534691
31968042673767202271147565489914773072393044219842526295555847171990976874760
