868563321756181391702170776
972876046712504305218931057
7605040057106711710720680042701442951645540712430912545
7398761305848215671238788405940115114599250629162191870323114480630707370232272816

1210989400898203180583016244
983322541180982113109318921
10717138575310106291334465233158249290255055161496266444
2612971684524496928221325934793066182261751667867119431913127039740301414616292184

868775080419472066894206804
765408967233262278909818128
5984714133556762468730006684165689327230807217005685120
4580753864151989654472252274025362068005538860305392913048220575607382456637065216

1049959190288806192805947525
1175411397858611484415776751
4936535998207446157992596103733107737074878912907755200
5183161339509433787306318547426680283232258330285613641197823282338090204531377500

1056225499653424894780578626
793516908177576495422917799
20953319820582540418032139045950987012788106036654622557
16626813560084589332516498700595900322417783428729035471189305043459227737583152434

1161912566190632825463265061
676719238961978568230132875
3145154350131538380871808801489664361529073015834869900
2128386458238970931473635532559684500267422454977232251211257861652123831443821875

1141343737801085283305134664
712445956530365014193321411
7318311579068726971801697536903866930260624543158992067
5213901493136865201632179239377829014360893377631366368200469674755003782954473512

913537174571940648389703188
1083310773498964979414605565
15834314611289408406750973800387526851082341982209812793
1976169915041400926844940374750154059212226916831932584750268069422283499628839880

814365178920359206848825284
854556363742173953097033585
17398023651410676364054821610387739036906906479402247960
14763048316855690552962526860246221578602829107875179021046837683909828473933929400

1235611292377515377507272005
1057994975179571238482460191
32681763465263683061076636734175306090881859035274628775
34577141526256268469859919134059150091851996601900714203706355407712327788746684000

881189368135890436277658333
900630671739224618535137433
7142635552983209075922323093144079414822020927236120758
6432876656071735683770734932253387598732040785243953075360956054966944850522816258

864327329673071546838315882
1214050918135618883565965552
26233434703982506470113790206242223296944143733356403338
8162738843704590223846848076868570323676588576187568007087985720743527442828018208

849709651771446727782633676
1103101687487519959625668053
937316150743515838972809168079775512086688897840994728
1033955027594478958249091572850891503045970711967301411460459684242667227051024584

681131042045315842082092223
934962237793661552280427886
5731486229712753676986142019748541976370955718098086746
2381654751651463245872293298575183776923403427275954396114906915003367300373192432

1151181156421604069985659600
1042875633175112037700929058
1200538777402438037425570100376027438143731694637585858
1252012637634842455673392115564969962948335918900893033235827847914795616493294400

720452091951064399005316516
980213380610219457867885706
17654919515476437852920815034238018878935741580944495212
1201004481632766752177953045358458882708166873196333404959057347281028738700618008

1051468915884891357676775573
954356596846212425107602928
25086907406337032629461051899995053105932404998691744637
23941855577707852043759724242282538880348560920806034298495792975531425856912804400

1135856094162915927010962163
1189677445336824045498492348
33782559409350021963406943946672532106109595037575649743
39979739940533180871853595045824289172404345130003633662491350518817456575728172352

670488041431064231585037287
646590137673411128042151806
10838273875432190146880874187329462107558760363349720896
5772104494429733215478146100701002079243193092036982401696235745574093692266113904

1234029987469031281752832739
1108868930028793978363870945
12315397606454076824640090502302473422678042191643912644
13656161766747902554899161470861728298104073865619378680899841964960087313889902955

1108858658262672751204656755
878980283519063426139623343
3898659591289169429810665878721761142449194057035529312
3426844912895670085056587653693670209821570277068572101684926804093972528673947420

1138831247553356709316036797
646609288435202714920009788
6627409763654251571326453052209052370383879092038009105
4285344711444990608737989710093380071867445713501337501707427505580275830380240636

907210165634434112933658945
810259701198907934762759445
18376895943289209002298823533260010343522944646954903635
8384223767076608960407375249156507206558528115277000836243796861922367883813944350

750815668206716473655160635
1089465569032056088423509616
13087805107216220576674944846171060758085170645930812416
9826529136933823192361282604341375046734736088006016600322345017131519996532444160

1187332958362838490387063588
705542793134637562173416782
13403427389186070254683456700530607581626634226293778014
9456691597743642792632004267996773226207312287639624699356373864918979930829342848

1038762411645112001846314512
1156782527601101458426006327
10505644232407109475042836935
10814599873078636403626206563896617244499317437695256816

712820854669235230642345694
1134220466205035141572309785
7276464018932504256140222851578526678950552736548581250
5186815300945405928191532567253730173247073199399073733472614668259335087746637500

1203704824202404578545435564
956225289082275304541461645
10359116941434063242434305398063033013949185952247688921
6642547304387115900607834989902091932386678695399282863603702667019655889497784780

889842323602822881132757810
733442064087455207935291853
2610591162142526702418978745981444910852111150519904533
1914717370450283239716499445415611836310635545090135611502079048391648762764496040

743463683972743911532487351
1156095115726083624817750378
13752235740169757373567825853963323997213391978368449764
6530795103943045348566603297790087938885808534958395287140273028436343163833409048

832795412127284185954141514
656078689171421651007314131
8742069157383079589590416527918541169712710964451340469
5735485273421805456099865493579898306090543751157202751115840238134376303508738414

807209671813485816774258568
878492976710274583963080663
11346048438732047774881722388361631466665069467254716196
9967423866840680150775388480715006444944811288724735529626178504190369446142439672

944866552645084943107327876
672138365660517407390632114
15877026511553865615738327392187995184122111733541311308
5827464016282528017107023916170576388909507105800464983735446951008904259985781048

835027162791912388852955939
961194576912783335309858761
7223612224054086752041748657919809151547479084825880326
1441689924004726442567827409899291549175394533280993860255449069577142778641542879

935315277721513047155549068
894598642966956034663093702
13387708451134834852416650277523697277207040176536632196
10037628592721269779382253286292669483104241643436692391144703803642341313471865120

985092024939651193348968929
957850917260327265543602001
8492141697068502705337230341944652814208739530344419294
1833305197164599425679997613941106061055798726067135282627447135410553552949800899

913765867584433084890364136
934878244075202117405262237
11963405784560706233634326172
7688338468048696069735311598239297764588002033499390088

759497620233167448623705350
1013171668633229643758957539
3078005884858420881365633999931204107166271621648070106
584434536153413868844172487024402444728153966353149846366501114200071166667161150

1167954843610332408755198539
1062182692036761648175991865
1240581419963397821992689802406453591335978219048646851
1317724112347510257725498895527875204287156168326618621159136526722679626849154215

1043765112903189929261942910
1114083178068698315615124728
10465570387263775930956181701567869824015096709387506320
1043765112903189929261942910

1181245042446854906436954130
1232782632360497062765310354
23299493966246734078202201635352296379120868428349568754
29317612458172936120951866495810005135667469398441265800468777353009157432678436680

971322631189014763260829024
764199191751721990639113601
6680555727163209288370888305445517908100313157952173633
5105275287150461912935377318897925493316884913301857368412076224462746971380695232

818125257243403827183779557
1116701460580118283777176057
8222415027310746443992665814132611917051766152960920982
7747185728324391931010147323863925058008703923903028898395855648447097478285681171

849626675717436056447211171
1095639393140170020225166578
14894151286060026699540643894261438628131223483697094542
4183530740976732030838515687707990700420328199589538305703295521928809546243012908

1164003766108249494462353275
951513078410248907450044993
1107564806770783830981464829699577621964403624170453838
1053862398829321015397639608473779149665053710794623292838307665451448830739612350

653432128747431491347013668
869320200848800961567702814
30244926432266602668758586724
14201043735094417818603375641335728469711281445501543800

710032636972128416825638481
969768718392660404965516380
6197106963360798713597206339644202695493406683705115349
4400148198793407110871906724803989797733768411880336565718191284017916232906258620

1148020295555423172993969772
1005942090800058151660618621
28871048409798077330173361930938460001573047085873736184
13093741942265753699872096111531361840707054466880763431931138543922656252438062136

1078112085215228748808423749
1020427974181537046027767060
1100135731056808509329943664555408162891593884743907940
1078112085215228748808423749

1011868639618869381535755695
1118841021433689393699269282
18113922276926297064363445139388970731204843304157422158
5848889929534253730073661973680355997004236472349331222080127153523029914613105340

793310122293355130090078231
707407789404289182701140448
14029843998089716573483798424424102530847158143205500688
8711182393584107347285261873238537581594508975523352819045828892902585339920838144

1125555633683659471181195093
918381389754853213790463013
1033689347108803659132462916791455650544722345214568749
949321059172569964328399723644155160053591836040715827270498776373761430146028061

1077643965913906766894614355
1143005833086199975991740445
37228151645623468956291022880
30793833475743537359203455645405050718105430838277199375

879508524052881989551405162
621527833833113746809182322
2186556111169387048779695456872768371854133962994096028
1359005483329666182751152447275851392902890160934576755966100807633853129990705332

732367555315214562113512184
1032687320217655311729788143
12100907009805189918830277127111231943549111343189354463
1334922807251658253639789692522840220993499366712059384617258563133016669218454336

1219479511905147775616967861
676954933220361389996101978
20638316788633705377826746662422668802683711013162039177
13971210363430193360311655877033356935595590954247183190379201523799554077147679622

783537638240730007456577553
702408115411210965455591693
8805811133286757591252404982397115017486345976994977569
2111500689717296253118452654239104254444248837919086704880990863549816367068171245

640070727691598637442677932
783314481745280801118313190
12534416758551733486377368869776978986048680357827101918
1676401727621928875010066825013071685847481289951295638449156887342426533440107440

874342110609753002239023165
1006356172238701099469670040
26033246416577280488980774165
879899579660338040313950677165495787123680434466476600

802764579679155181843861773
750635644021565818302324270
5423253365386478145277859996834112911832488070927044985
4070887282619003228157965399159508597929712049375775655988951777292044144116253050

857847690732113616591294683
890846449247137573754244677
19105264232089000563577963997428876210093374084932190600
5345482176865475800485710923859624502749362109501650806490221013718592412159048604

658523678041792297307065007
1022951844874282350651573067
6062742102116244319140206207837961523549271568042040887
3992459228104416713014516742896595498784644328225180431800216360797458011545750768

786000675706441028607321604
989150653182433694326500270
19436827044421509669129384382087572651920794501580367370
16046397197175874812985028378195546816326859797301080195936930795959559850231439600

877416487376505987777661719
730629135537011693106037819
10257056794845086441880375921430012825323488149188394570
7494104539171697401715836307185449486116476728645219933039097470382311837255966069

738434962992043778614184289
666276251154857920076360396
7872026861824242785976715933425818783563407096476655500
327809034155412325685106399804618246392721377357904678338462346255439004291143824

763453883392602324643286106
773840120210979292131704990
9452659918401125598521791375912877143961081207206327304
1804167480773234686947214437042808872026653064178621215449582693258310279315266320

627691783793471567336809532
1177486114843595719882423347
739098359818221116606445290375496565941427513890992027
870278056189631141900434720437185140475944377127253928299746915650545046639512688

857292546891938982690954167
1183653115544548103924993345
16235791904988226818737804857665150436065609535616085632
2071023066544196949642879919461948854355353345099255943752183291577039631637954495

1091065363241617788117248606
825605679302752164941367393
14412636166124798333295333855014025058682719508413188215
11899154272476877728504894332197090969197063661818222486563594006743966563340325454

655607566695111602200290545
1158047346945150774969134082
18980615081210999545984180415618883440975597206225518483
7996652702506303828643308176702630552063160134519064994918265320115104063180332770

631455223674353674595943502
1012902339800869207027268477
10233639576627744889100514082293556069463527795621895589
7109940009852504398873591931744253573024864429198417623705764896476313159350144350

1013978950233661584404361788
623495050476086295656509728
2528843427030503294166788593308524506942362497453150748
1576721360182502702391952038063873211675313242921050282375279390572167350312476544

1232066680473128310745255236
1051186192194026266172535273
5180525929502727219949954807366970311494168655023138612
5445697325396390382865356279361961301597368018978327808221368659289242833738261076

933826558015246985381314380
888226397513168348466881454
13271190392448072534744852804398450594481456254752002090
7707795752343669254116621981751017231481479399517412849665363433463648714153223160

1142425617208927509306070038
1198471088984106699360528845
2340896706193034208666598883
1369164073539723578807568516230296468377828744289246110

897292107400996262150831123
980626604273092569627339158
3519634049286744152344526886395920945066775987000315387
789534963341201151382482011612670800528837173545226767658312551265374971377487118

1082978654520224252522639708
919439072071353882427770012
15931726226962533176923682458910926837724926168817549372
14648251578613283403030026937251201938896452088528727350152692214437216064172711168

812148640880074907164280377
802652015482024561402995614
16296818586834477250015117047002311422495715824410185343
4764758063748034935093187958918611058754455631350510640687259188846948432977719854

1124112918551911712187877471
1073218220978710329281855566
19302695466039497440277685840495443250224030869038243671
12205355251639732354882754239837437623042669028523466071551622870537202442490331328

736625303442348432419812620
1005147454114292520003914629
6663753435521202523710660069665913684958062846644022256
6698054800559507052556606469955662172709263589752748722524671336671358424919152460

793425787793697280747441689
829490068892066837255098782
10530220982043781767877907076494033663364257720658226920
8734713727844184244663282097725827455023454573704655089397427780516020139260077344

786841006816836866279900916
860596409304957876190120350
16928813629011692254936362439037140753487603772753627414
2131245561610583967071187792874955293250185209708101551364309006908977366462520800

1196058227004707723392198356
786263252629728837511708082
8463749687093412637126700422579995530048255350397700506
6654735358417916299288553178918882027302699165842752115054290483931370355951570768

1127384196201259106071289126
864765479711500874990608332
15598766963954346453002074605091110462725148990195930116
5239530538627849718412651184910671775574702573458842623800253696301113657685826880

954730711440857118967620622
962275550426188672288434774
918714020860537490927954210067449577555327899583226690
884056040107830696141638988383833613571083320508330335633990461035683489668486984

1126719938416990649661936507
764907236369941032536875894
3447344937029801882674491755039794701300168943880330494
2636899088597374153219718079651594419040100520586478143052789374228194532024230736

732326433773767254704101535
1092236587777207547188523908
19996843129102767693624904955111780039978268193688090812
5837680083378655283852282354834263003232996824568711336103356452488012276419833280

692411798032980725029756091
1020569025897602322514028191
11306464547816423911006863793627280658539400534165891690
5124849533278642783720722959902612577697454971987897525551735492074224323322639239

835706637049568549575054680
930682284853655021771491923
777777362436656646378208875950699756420282594547439128
723863612779996964239289444286061349003890734762172758691522592500045963518356280

867130724064087440153206165
1026426424113151647185168995
39534752187854190222080523515
14240734213435988604359826691033960908569529385613666800

1119305302261778738506046217
1089515335220244863847692548
19512004665720629822079010536394961026154570245800907828
21258628304191593828010585394462909013527484710080950650916107245377832823062158144

1039621465399464470907067648
1176379818558104379274737069
1222989710835732604210583200154555142936556117002259636
1271446355347511642101455256306922526902508858664748816329226009218680540663604224

1235690943262903433484092138
1215196521109159569879738274
37540183385479403314992257161631030774339041629457070702
7422090338858467119207218144310155310158031602583453808223370414443030124328751472

1052218941665386505484222536
943354723485779817218847120
3970462835045002282901707810679964939710265782098412184
3745554869864443531403494952230879227709748597025101425823190547867442113650660480

1187346374791530163970761527
1235021974733246806782607477
36659971612184933986212703515965773556370321353450805832
27857974011960440913481742781526290566454443166968619222849686175839251005439281792

933658274324958661000837611
629920468382629035575039459
2352521829888380435519662152329861293197411662881156271
2196451472005379233898424442154944262084569130321324701189436575136270679185308581

948099061023739188458375455
818653736381407606780024654
776164838766788265176510083428860070520370242294241129
635410245304304019628553082853500627083926350852975188440572256161287035275678910

872921217021788808028428252
823214561909090459901978980
6467413115265677565087321272546400090133909334224663328
3100693018290012862606956680743897209618945953717519692837202973127168477391176320

786367650052392793303253620
1161059879682194547384604328
8217179362402211190226812221776705183595455539608733408
12547580187353073533676518196696733625800355674241457827266152507908750850440503040

832101375401550850197347642
742285751472135654548269788
9882511915855005230866455390532879977517929940399929386
7335647783892767596875913797131549563441868991742999286074080782834850363677190168
