25859492890111301863018629844
30914653954900046441735771514
799437274146988990200492611409587070514654725628636218468
24714326688902725837083068083281613525595421646161516853965351580216173652330179711768

34775940370781435088525125340
34650466988975908996411425280
30125064345708918734117939807037066492468298789417516885440
670481562465489411583152323358632351135888027110054566760119930417088368903512997888000

34423248451544167962973584397
25862010363232416690547203397
14244070531039352203098039670634528912635624062155375726669
368380299688353199570073494941396282895906411522438656397619475186430244634295425238112

28668832830322237451126660647
33070542165352730857134243947
3792375379786480904567617094523097936878218196493227459334
125415909904074393269757611516629813916264570711107131637464666480462217717265124681073

38634329378718318604880530383
20598422125621918170547113844
700542958561980770360276941504
12732899601330500952657557762110382199752922611977630756032

23231066013964387369828233139
24052971793978811263478910988
8940418809247122921441510742046405024174848970019423733343
26421193812205467014093253505787005730379010770895373925987947831980502823168918218496

32713324204750798022871479186
23833589421014451134859735861
779675937692564602359010517954301064686107621954946542108
18582476180409030059265270981120166820529593492483234258986714149250890163081163553852

23479944874863670647327478937
26190832483130503673125429693
5534633726376237129938314403197263684710070592232102727731
144956664783004375332795079985894761133535561538446741744298866129002557969373787248342

19810976756041533212974081017
28128915940845619885759240611
557261299876738730797688855066456525719223569628317827903
11039890658899561513167949063142855244145850803868466829794103227295879649203305463062

35469001513096454974073478364
38038835234527852714664743032
33729987612247378816085415680358207030131282804972752647688
242741014714682057412592453918072209001157827207886943707581611686177103424199331796224

29888958943605490632833065658
37212549764646621458840464607
1112244372102399031993273243149425311500935800468523272463
41389449047308658360311058489015171189102550415108573001330589161792106284347349552592

38049542005062534512769457232
36198037370421032074422715687
34432968585666460777034232270226601700679771065721617851775
1246405883638487977754879730078498809694505781659970851939696873156042524216613636245200

37853311251586266192989818017
34619830396585237779051150401
1310475215479068209370826372783162273437674654132680994438
45368429698813834901141974523936822924022677338391835751497217438106209352786492626434

31476645426462521264607934788
30079002976870458096056777320
816995138638433489711255147020
23669652787111551677969454695168021580697552325899935204000

38202287188470560551502843432
35663316866962785622014830595
188472465620845027828026204323
5449681092180553902776105761336144591253636200065153608160

29113564531351566257737036692
26268833398231849120328939424
764779376302746196117086218935928626950351151884582748308
20089862022500502461319479015859570175369509036538835309037967913442952080052234200192

20525105072619241051119575520
22442296359412912520952925983
1842521963391241187652972329707300126411665905151480062448
37817956897213928058392622377786485784250973426465535148047052042517117494704918991360

21469171891687114678182099521
33509401876804589271513083207
119386089443553047984241481291
2877676435522962139097696320333796471578037134972911375388

36089899945458668059112253796
26261080567606239388715665193
947759770144538106550600798180941723364129897033267013189
24889195682501685754828682138119150347581506303244358560553585233323004941834646049252

39416880413649664923909869578
25140954785471919193910588917
757007200290397691417758248874
8918802074375279146023283142808666688678148874887780403234

23200333277719649350745266487
33750903377321726995379153981
19575805169449444141214000353206168881560209202525309184831
480593248463228812818100669413827030126887147087209689555623336871010687423424725372532

30753448985713897381361847412
27429002437134749526279535503
21088410679486142053510721008677107889101652442671372084019
507615922561338997906498671520476663634068673583823825929978117647272738661633871506320

21473000713433202642532200776
27496453427991183050408952298
5313882276685237536759728868978100885480434823640892623018
50713332408160958554569375060424667398579439275667039050651076776935013182515091134784

33365781609951525997244638689
27369230970697533027270281019
409768958372353866084282872277
8218762050605539501585589927209518634212597783661347696819

31606911108608998929278580797
20931363662037603867051922908
16539393766199776940943716802231498173505629279634294461825
346192065669965280058478412789862300289577020457408076628799425847299861622261248987100

35317110319721520207750173604
39052229703847724265476860011
34480297617047393738749180470231488837259611801834429821299
1433189675245768752645806842479507934106003209503328608276483108618127516397486760409836

21516222301022372966795935047
28564099834869693034577853459
9833464350010444325708315010172199002658975901832247270427
189234204635084384028053933053442264299424042600111340054565307903720486124659213908407

32464951504992922929228829859
20725279001639490450592471681
672845177715674198705148342984573260405692534336619589311
13944904033065053684857680515452820789426549877979774646249578607527619158402026349615

37575846240466927268938919048
34795424877938087087174774684
20919480561361908181395740179406189101801217579555591412360
49129199062760738921453867655667463860931656732633665825131065353566120200858958087936

35549563198264453455292421963
30996462338159894365859941086
4407642787252156533421239673438827508076734839572907165830
136621333655123573745876920591960195704244348459253379543168248731563042626026260806480

34250776224319848800018866748
36602590779022006147848638954
5014668584010543443519071270167724076073086271001001045322
45887465518238914455700431588276135247776716413640793988743426041518424041459680614768

26264385871804186596530427257
37757782612646477995126737667
996429690308922966869401320428
24792124305056148131622975259684913588591891159001634735475

29317923378288838353315563395
30630141823494933700866118990
22450303776183620653482582343084781474654944148175452321555
236950662934605585726564368284051913529302088993255133813397733033472806663010494772200

33709727599373497150487299587
37781527149463750353012586479
5094419953987029104225510547255272789599898169790661016639
192474965802330809947205126650945728649726433305730876480332091786390344311353787545025

25645248622788741366640870848
36026816144859300281049109692
923916657122416163118274608949059155313456869422438734684
33285775539322297052847239153494390883642134815908750592593869526196034363706992585728

36017226506480078463917497139
33454320143842478344497666939
30123295656026843558605811197143308617456368133695932830032
551825422861617677200992516376508304969409073970648302645307758219670476264627187694647

29194328494107413705337994261
27325602740482854390954860868
7179773604346244047547302419587723907364726135162980911269
196191641278970187465287649143833867857009314857329159605799004049173086372456608900676

35530374042891517663267363775
23077547369712600536596470849
3279815560153744000843162375964164168459207806106692007859
75690098953368494430260668251686350778247275092098499488974122340905848337305863909475

39039768987289299424423999715
31320244082406935420798599149
1222735093602681478340464456822806131549998053630952821794
38296361579760674851164364774958749813660410854403280964497385844876539014851300666090

29855481842206580973212742760
31101572414897597112684084657
8356971874473434645865787113350681222524324790956569555577
139768961571098770070982275160738988577671353672275107576693602852294806566622704424040

31673214458397937771201783405
28018500349876633851870469013
7986923733459062496735740391517505234216396383707197683043
223781625420360733259061038646255092918836505772663784691197368005371793702318733852390

38529524881072571313387832714
22945382305971922423558730648
884074678463667516436038254648670400861177284293272902722
20285431484378053221134082087375724799410764670180359333968402021026639622759341526256

20935175304228029224110273133
35638557342309289359847158233
18652486138775698537880961531437452156960114345664330966155
167167412056318424496948787447847809210673774486365314648854217405246203685892479439270

31803861694086356908629132813
22867908781202615303482994432
11636604929765614176195498393870791941008035920297755225669
266104820056772730931035287912914297345445901990374612672774555155041103944083943451392

37110155884506720406104529987
30694178259475807785650273682
4556262959823937574099955726100632677838794041429426362010
139850747485882800544466252158154169067922120611750615499216517559416584586820605783696

28506335906056047111813800016
20489184604455538983177591779
9345145260412827169875801983247801850929237621345280495440
16649740617763478996058093539215646316209234856059879808344946771713708281533469895424

37600548336355408947268697422
25364022076334890745677401989
23842528452140393539769310527171852134095777754140105176324
604742418015731693326208545581588242942455565873938448534201629997986276839455854810500

35930674744773418433559987173
20050356310432798046796111070
163773055289526471781036059762
2881691324427904302636816386821393191835834517021933220440

32631356345634499845112796202
25487542406405864762378064620
831693078637900425468207722465352278500552226684737434062
21197812610897734726659239198596951053890648242959094565302013533953606667315529342040

35177318702936821351782577526
37928535243139420330683491532
5336896688733946838598409663089605085649591315655822771276
202420674147639575619435131473155608450145813991497415473635077422089953879945603127808

37007942904947527593046735498
37623550563508757609924109910
1392370211135738479839360566176974746465881071779823285732
52385911041788821293327884950450908138079751871916083522905185688706554739089539474520

33725336337903691044450672284
23424637700139047111075739498
3160015140122912603187339048845601068131675498402370988278
74022209784333352174616971575316964920530876757130530068965032126273748219831007304344

32491635629077649586425433664
34808727025842917989524821971
18095879603771453458613156360583295531897907888355222594096
146991181618350024384056950473067072043023851105595759396084349061953775311488997047040

20478651988942124030333757913
38151124864976962040456128452
12500537745544636588536735560129913795381488017125015564624
119227394102407760259363532350820405681774981889465308271434082294700505450907238854208

31300014390943900900775351339
25747449678960497040871773571
20147388637039186964136944368765285125807077592400418078412
247770634544320903029110062170082580774530561742024960738544559464332729723879414465039

26050122889230314374004761520
25842575085568421963803325907
16830056418830474976959677180593485142123297011530289718512
434931996697979331198806491634306788319247522742701356609820289127091400350834709128000

33939071273022810025138497101
26814976438203999603631338827
14561206344330125967167222381123389126443573129865756325400
390458405035038923025798511680634992973092376067874146161934255062160720041457566682439

37790137886173804098892584244
38545229856365985951964762746
13109665960137005126521925234346641269843409341875933640966
505315087773657749429598757186761090842010362445869208976297574095765634348236399739736

30717877187601191039468582116
30356879599555149759830266615
14919982389406897826517405299199648781748515846014444711279
142885303483662686418029509380498270389322021923810711560572224609483530356010448459220

34873743816882802351300654725
28157849278617369578611913568
3927878488707601475692146420408819835208041232103134507013
34244957039758420790141449577112583662848988125484731225639629581874425638548334815200

31917287674054375924000549625
27929009292926903299967460082
3565672896214743887063056703313328696105616848528959935582
99585711453919167623290286169896739070811832029386893471741044115038943243624612991000

27819299297104074325319725768
39493813523545578734987141995
150771010711961876036266045067
4394760875182123613785808064716740857783428043277905708640

20880715571885097841453006939
26143401266848946552887453875
4913036333412600531792164785204238722925818916616456429256
59866037488035210831620654852005612667383138045172213948984492777446389158946257397375

29899218440362120224747672784
21623298040890609621025895127
10344315384410281964002753207406105269569242560144911544999
33310322492534682511745253579694639718146054576927322808897841432757800778837295626448

21043690022523309925352845431
22360719216381850989555304519
7528832701923520046636104171931702529314839503941484843024
21043690022523309925352845431

23009443858373895442188448759
28971289503561141146315642885
5999519334031983012386403950158986312811742781646715729295
173813811508452917269466113079749612437696141852217364514687217169288185552788701692850

23324225873155959792846683416
32609693071722836949253015689
760595846859152439232987397706878864465257577831250847288
24802797117704067192146881361777016446671513008695758242061258903372767903170407101432

31459906725187171582176496709
35972695857264246370552758348
10185278906907541538043908598138221294317016234315198610992
183122626429433807796358016678382146371144472391188439934630478269973045681616345365616

31012275651158255293684672575
36529554349554447759312167862
28321615222558738457415679987426699100598409639525168837287
357577425042076409138361234238435372397090350924371919079395153289286741737146095682050

35615168001415616894573940423
24712846318976209249507757105
880152173443503203186524823283119238579890757762318883040
31346767524001463376548813117103096014083567903477514718954731388250529910952865125920

24909554234829761509889782055
21846610513042081576081680754
8707029270749180349902953724243044663434525379289565785639
13555513615248558468206630642207805982251000573503444301131558258567715243747447430320

21307520232397270392627228277
38921680267970387492491270426
829324489788676644274905532392938769968783434803889698113
17670848345394771068067139939333655818908430412427303465343408610668950774061998752572

21402784452685565856750413878
32172496082710982556301343827
17214524974078347207659817634945624486610042655172762433162
58950202796091430913338332566199648245723407174515645993323426651257232552578661156272

38843501108953349319309274610
25507282888268447001287068551
15852674738509475393198293707342552582403063682621353533329
63758252992252360855881377464997174987580864999199617869184849908674951797546481727820

24129049901417259421915870640
31285890200515679112433870296
3019595223434016198784043282251886151021956198042882798256
94470724610358239924908959362293281717750417107925104307231484946394754885240620961920

29751439117588483235232278015
28305427866517501096730075925
842127213867987906459867677725732559281072339729507704635
23836771106571688289623066918105940003847002712827858637539484029022053613390965989875

26478486996657853754460619108
37809584685965876004517175466
9010265368107432318530542629844231126222621696147845644710
64361398429372521801892288859180877301647702885082135537734142425193070534750310133584

34124519987512196160965851483
34676882832750123766881695278
10649987831977201286287878543099688205025028561642546986989
369308380219687920889651409878897034124120905178649796552638185622958340235547368781398

25408332268796566447948303740
38083419090419809203544295540
967636166181216821723400233606046960824463516352027567940
36850893643726387676095259357057347013242247074715121554985695026099446255135191697600

30614317837871138143385880286
31901916255738102054452749746
976655403890314207423634686326874491087734194835457990916
31157178905622876410969314060087848506818885977711437976418655745488496503042877049272

27531049654371392263408361292
20266521331297401497244402721
2231834420373303096361815892571583481645092631916407015321
45231519888419319083565704315281936316006934929536092981970286538474881670524135992416

27909604781790522011298071847
20834174543942942347765078992
581473577476288311904604477140157617863191115504324336540
12114522005831920194320205294416920176100101873170060314444052347978957645613094343104

21161007164786328118663762417
26813140199337781454474022048
5106537466817463967521636879322419107997949494495280979812
48026433743366302798313694608509813486992047922815382482099754312087044266772113154688

35009063067792664884127483613
36787520785703994302559320004
20606346164711115270928725842099647417939366101199528569044
768787396717871552403688552711288501840014574857309974546970729976541620366368804459024

37185367448982485271813968689
36944527817375761481901496393
21980733473892361347968084760594298323744896825323488487969
456788148340803131287830456185970219720845872289211316411714203851989770022044421482249

24471606425674113918564481528
23912938126349158330946542177
5266692092785622123067092099244032751229746060356281463809
57281962693270967528449367725787090141350959095989068570775457466921266652238741404896

20848299784444662921130525473
27627146876904812087015090955
5183811362507360726295574898312795358046503887778589663512
123986310855359437430822995203089038848604009820782384335533060200510239372508147974015

25155766783746755361139386971
23314727263467617664288015688
14662496041661339585323439564199507565840601502687254700475
341852096213007659994675462261611140693603356273519354539667671455664442701788541051800

26140442198469360156509709972
31261037968171214120425784050
3268709424284542688623473784893161505189909102261388992150
102183249419478159433581564579782657197454340949228230087112696033013981745187935585000

32553487190848147481422522912
37445834207813857168618611598
30474812105867294680405957976783553548513964929898780018798
1037707595997078452066596850573074254865566670372607835270029173176728334829113490667648

34104410869121762307029709918
31321952845635609032515963410
26705418726770359428528309407230738733153066670403694342700
836465866082855342523921054530725727247325418209788695090682494474820728064045729904500

29755455675935094149763820194
25586696578280545384027840355
19033595398215672654284958766823874188773473313014942605139
100575225008675750800794602557295202019373641166632671069889869945239469810411209725050

20687918660315051499731041660
29120484116824666532724258811
15061055168946627272613082096922953056389497482332744172416
129712887051723952893209470811698455185171283359937279112732389158606780837069652937600

36838368162562492110193643860
30871603538612511113502266227
1137259496924074700478008767434089083829730830797544484207
35109024309561948721455177862885087724559881006645195856223364580552202128673526161460

25410052315135615654018239087
31633834540490180577378508017
7234356515419795656377683187529200261535992911669406001084
107127994123149303412197622685169079784694625970151016176459848637822971688437402498499

34462952024414462428975388331
33859934887055890389823253006
10502219804061642119723871915843971876935097718694633147224
355604478735076073467005454461103004347802188841961945405662223963873129387036406231020

21877702692946503247151483514
21307218450655936919694038435
218206542687174466144057390061
4195376914294033305885758685460855946173450984727863745310

21471506345497821157818181338
33730577420039856757547744586
6518216764005221786649278130320132914217460807371947136406
219863215198879797744050798771664971267377042968166490752729187978317654490244620752332

21216433624423951443696126301
27188779944978621315975488827
576848945031708013759435461989458058225184204013184985279
15683819027960177962272617442828586991624048359501175884237655484120496462247222141804

21535454162647376725749071666
23858081204146136725549589530
8220713826889728932720856874781340625946193405759388136594
56517355078180196054368319412680488654856315374662574926745557838651035038828159362040
