-10
-400
-10
-10
[[0, 1, 0],[0, 0, -2],[-20, 0, 0]] 

-100
-18
-10
-9
[[-1, 0, -1],[-9/10, -1, 1/10],[-9, 10, 1]] 

-338
-90
-10
-8
[[-1, -1, 2],[18/13, 75/26, 3/13],[-48, 30, -3/2]] 

-77
-1070/11
-10
-7
[[0, -1, 1],[-2, 30/11, 3/11],[-21, -20, -2]] 

-25
-30
-10
-6
[[1, 0, -1/2],[6/5, 1, 2/5],[3, -10, 1]] 

-10
-20
-10
-5
[[-1, 0, 0],[0, 2, 0],[0, 0, -2]] 

-54
-265/27
-10
-4
[[1, -1, -1],[-23/27, -35/54, -4/27],[-2, 10, -3/2]] 

-22
-195/22
-10
-3
[[-1, -2, 0],[3/11, -5/11, -1/2],[3, -5, 1]] 

-5/2
-161/2
-10
-2
[[1/2, 0, 0],[0, -1/2, 2],[0, -10, -1/4]] 

-41/4
-160/41
-10
-1
[[0, -1/2, -1],[0, -80/41, 4/41],[-2, 0, 0]] 

4
-75/2
-10
1
[[0, 2, 0],[2, 0, -1/2],[1, 0, -4]] 

-10
20
-10
2
[[1, 0, 0],[0, 0, -1],[0, 10, 0]] 

110
12/11
-10
3
[[-1, 0, 2],[-12/11, 2, 2/11],[12, -20, -2]] 

176
-400/11
-10
4
[[0, -2, -2],[2, 10/11, -1/11],[-8, -40, 4]] 

45
-50/9
-10
5
[[1, 1, 1],[10/9, 10/9, 1/9],[5, 10, 0]] 

206
-4560/103
-10
6
[[-2, -1, 2],[-252/103, 80/103, 46/103],[12, -40, -4]] 

7
60
-10
7
[[0, -1, 0],[1, 0, 1],[7, 0, 1]] 

288
-5/8
-10
8
[[2, 1, 2],[-13/24, -25/48, -1/24],[-8, -10, -1/2]] 

359
23715/718
-10
9
[[-1, 1, 2],[-333/718, 705/359, -26/359],[36, -10, -3/2]] 

10
60
-10
10
[[0, 1, 0],[2, 0, -1],[10, 0, -2]] 

-529/4
-33300/529
-9
-10
[[1/2, -2, -1],[140/529, -1089/529, 249/529],[-30, -9/2, -1/2]] 

-117/4
-1296/13
-9
-9
[[1, 0, -1/2],[36/13, 0, 8/13],[0, -18, 0]] 

-140
-3834/35
-9
-8
[[-2, 2, 1],[-46/35, 81/35, -59/70],[-32, -27, -2]] 

-252
-36
-9
-7
[[0, 0, 2],[2, 0, 0],[0, 36, 0]] 

-87
-1152/29
-9
-6
[[-1, 2, -1],[-14/29, 57/29, 15/29],[18, 9, -1]] 

-189/4
-380/7
-9
-5
[[-1/2, 0, 1],[40/21, -2, 4/21],[10, 18, 1]] 

-73/4
-36
-9
-4
[[1/2, -2, 0],[0, 0, 1],[-8, -9/2, 0]] 

-12
-36
-9
-3
[[-1, -1, 0],[1/2, -3/2, -1],[3, -9, 2]] 

-110
-1323/55
-9
-2
[[-2, -1, -2],[73/55, 9/55, -37/55],[2, -36, 1]] 

-10
-99/10
-9
-1
[[0, -1, -1],[-1, 9/10, -1/10],[1, 9, -1]] 

37
-297/37
-9
1
[[0, -1, -2],[-1, 36/37, -2/37],[-2, 18, -1]] 

-16
9/4
-9
2
[[-2, -1, -1],[1/4, 9/8, 1/8],[-2, 0, -2]] 

30
27/10
-9
3
[[0, 1, -1],[0, 9/10, 1/10],[-3, 0, 0]] 

1
144
-9
4
[[0, 1/2, 0],[0, 0, -2],[4, 0, 0]] 

191
-1170/191
-9
5
[[1, 2, 2],[320/191, -315/191, 67/191],[-20, 27, -5]] 

15
216
-9
6
[[-1, 2, 0],[0, 0, 2],[-24, 18, 0]] 

55
1449/55
-9
7
[[2, -2, -1],[-287/55, 342/55, 6/55],[-42, 45, 2]] 

9
-64
-9
8
[[1, 0, 1/2],[4, 1, 1],[4, 9, 1]] 

297
459/44
-9
9
[[-2, 1, -2],[7/11, 13/11, 3/22],[-45/2, -9, -3]] 

113/2
-27000/113
-9
10
[[-2, -1/2, 1],[760/113, -36/113, -154/113],[-10, 36, 4]] 

-28
-110/7
-8
-10
[[-1, 0, -1/2],[5/7, -1, -1/7],[-5, -4, 1]] 

-332
-792/83
-8
-9
[[-1, 2, -2],[36/83, -72/83, -11/83],[-18, -8, 0]] 

-4
-80
-8
-8
[[-1/2, -1/2, 0],[-1, 1, 1],[-4, 4, -1]] 

-42
-199/3
-8
-7
[[0, -2, 1/2],[-1, -5/3, -5/6],[35/2, -4, -2]] 

-194
-1827/194
-8
-6
[[1/2, 0, 2],[-96/97, -1/2, 4/97],[6, -16, -1/4]] 

-13
-290/13
-8
-5
[[1, 1, 0],[-10/13, 16/13, -1/2],[-5/2, 4, 2]] 

-146
-2432/73
-8
-4
[[-1/2, 2, -2],[112/73, 136/73, 10/73],[16, -24, -4]] 

-108
-56/3
-8
-3
[[0, 2, 2],[-1, 16/9, -2/9],[-12, -16, 2]] 

-72
-18
-8
-2
[[1, 0, 2],[4/3, 1, -1/3],[-4, 24, 1]] 

-9
-80/9
-8
-1
[[0, 1, -1],[-1, 8/9, 1/9],[1, 8, 1]] 

25
64/25
-8
1
[[-1, 1, 2],[19/25, 56/25, -13/25],[5, 8, -3]] 

16
16
-8
2
[[1, 2, -1],[1, -2, -1],[8, 0, -4]] 

-8
24
-8
3
[[1, 0, 0],[0, 0, 1],[0, -8, 0]] 

-16
136
-8
4
[[2, -2, 0],[-1, 2, -2],[-16, 32, 2]] 

152
-265/19
-8
5
[[-1, 0, 2],[-30/19, 1, 3/19],[10, -24, -1]] 

83/2
-2376/83
-8
6
[[-1, -1/2, -1],[-207/83, 104/83, -41/83],[-9, 16, -5/2]] 

14
-121/4
-8
7
[[0, 0, -1/2],[2, -1/2, 0],[7/4, -8, 0]] 

64
256/13
-8
8
[[1, -1, -1],[-4/13, 20/13, -2/13],[-176/13, 48/13, 16/13]] 

297
32/11
-8
9
[[0, -1, 2],[2, -64/33, -4/33],[-36, 32, 2]] 

165/2
56/33
-8
10
[[0, 1/2, 1],[-1, -32/33, 2/33],[-10, -8, 1/2]] 

-38
-5355/19
-7
-10
[[-2, -1, 0],[-5/19, 7/19, -2],[20, -28, -1]] 

-79
-630/79
-7
-9
[[-1, -1, 1],[-9/79, 70/79, 9/79],[-9, 0, -1]] 

-232
-2219/29
-7
-8
[[0, -1, 2],[1, 84/29, 6/29],[-48, 14, 1]] 

-77
-749/11
-7
-7
[[0, -2, -1],[-2, 21/11, -6/11],[21, 14, -4]] 

-174
-21/58
-7
-6
[[0, 1, 2],[0, -7/29, 1/58],[3, 0, 0]] 

-27
-35/27
-7
-5
[[-1, -2, 0],[10/27, -7/27, 0],[0, 0, 1]] 

-36
-224/9
-7
-4
[[-1, 1/2, 1],[-14/9, 7/9, -4/9],[-4, -14, 0]] 

-5/2
-3381/40
-7
-3
[[-1/2, 1/2, 0],[3/20, 7/20, 2],[3, 7, -1/4]] 

-50
-119/50
-7
-2
[[2, -2, 1],[-9/25, -7/50, 8/25],[-1, -7, -1]] 

-141/4
-791/564
-7
-1
[[-1, 1/2, 2],[113/282, 7/141, 28/141],[0, 7, -1/4]] 

-49
4
-7
1
[[-9/2, 7, -5/2],[1, -2, 1],[-2, 14, 2]] 

-13/2
840/13
-7
2
[[1, 1/2, 0],[4/13, 28/13, -2],[2, 14, 2]] 

-4
21
-7
3
[[-1, -1, 0],[-3/2, -7/2, 0],[0, 0, 2]] 

11
1295/44
-7
4
[[0, -1, 1/2],[1/2, -49/22, -7/11],[-7, 7/4, 1/2]] 

-8
1155/8
-7
5
[[2, 2, 0],[5/4, 7/4, -2],[20, 28, 1]] 

20
-609/5
-7
6
[[-2, -1, -1],[33/5, 14/5, 9/5],[-6, -21, 1]] 

189
-7/27
-7
7
[[-1, 0, 2],[28/27, -1, -2/27],[-14, 14, 1]] 

256
-28
-7
8
[[0, -2, -2],[2, 0, 0],[0, -28, 4]] 

35
-279/4
-7
9
[[-2, 0, 1],[-9/2, -1, 1],[-9, -35/2, 2]] 

73
-70/73
-7
10
[[1, 1, -1],[90/73, -56/73, -17/73],[10, -7, -2]] 

-47/2
-840/47
-6
-10
[[1, 1/2, -1/2],[-70/47, 12/47, -12/47],[0, 6, 1]] 

-45/2
-27/5
-6
-9
[[0, 1, -1/2],[0, 3/5, 1/5],[9/2, 0, 0]] 

-192
-56
-6
-8
[[0, 0, 2],[2, 2, 0],[-32, 24, 0]] 

-175
-528/25
-6
-7
[[0, -1, 2],[-1, 36/25, 3/25],[-21, -12, -1]] 

-87/2
-2646/29
-6
-6
[[-1/2, -1, 1],[-78/29, -69/29, -18/29],[18, -18, -3/2]] 

-74
-1095/37
-6
-5
[[-2, 2, 1],[20/37, -57/37, 27/37],[15, 12, 2]] 

-195/2
-4
-6
-4
[[-1/2, 0, 2],[0, -1, 0],[8, 0, 1/2]] 

-9/2
-6
-6
-3
[[0, 0, 1/2],[-1, 0, 0],[0, -3, 0]] 

-5
-3/2
-6
-2
[[0, -1, -1/2],[-1/2, 0, 0],[0, 3/2, -1/2]] 

-6
-1/4
-6
-1
[[1, 0, 0],[0, 1/2, 0],[0, 0, 1/2]] 

-36/7
7
-6
1
[[1, 6/7, -1/7],[0, -1, -1],[1, 6, -1]] 

20
96/5
-6
2
[[0, -2, 1],[0, -12/5, -4/5],[-8, 0, 0]] 

48
3/4
-6
3
[[2, 0, 2],[3/4, -1, 1/4],[-6, 6, -2]] 

-2
12
-6
4
[[-1, 1, 0],[2, -3, 0],[0, 0, 1]] 

-19
30/19
-6
5
[[2, -1, 0],[-5/19, 12/19, 0],[0, 0, 1]] 

168
-24
-6
6
[[0, -2, -2],[2, 0, 0],[0, -24, 4]] 

175
21/50
-6
7
[[0, 1, -2],[0, 6/25, 1/50],[-7/2, 0, 0]] 

32
-141/2
-6
8
[[2, 1, -1],[19/4, 15/8, -7/8],[-8, -18, -1]] 

201
792/67
-6
9
[[-2, -1, -2],[-138/67, -136/67, -4/67],[36, 24, 2]] 

100
150
-6
10
[[0, -2, -1],[0, 3, -1],[-50, 0, 0]] 

-10
-205
-5
-10
[[0, 1, 0],[1, 0, -2],[-20, 0, -1]] 

-86
-2025/43
-5
-9
[[1, -2, -1],[-27/43, -75/43, 27/43],[-27, 0, -3]] 

-40
-5/4
-5
-8
[[0, 0, -1],[-1/2, 0, 0],[0, 5/2, 0]] 

-167
-3465/167
-5
-7
[[2, -1, 2],[-168/167, -250/167, -1/167],[21, -10, -4]] 

-243/2
-295/108
-5
-6
[[0, 1/2, -2],[1/2, 40/81, 2/81],[6, -5, -1/4]] 

-35
-30/7
-5
-5
[[-1, -1, 1],[-1/7, 6/7, 1/7],[-5, 0, -1]] 

-89
-420/89
-5
-4
[[-1, -1, -2],[84/89, -5/89, -10/89],[0, -10, 1]] 

-20
-27/4
-5
-3
[[-1, 0, -1],[-3/4, 1, 1/4],[3, 5, -1]] 

-20
-40
-5
-2
[[-2, 0, 0],[0, 0, -2],[0, -20, 0]] 

-5
-9/4
-5
-1
[[0, 0, 1],[1/2, -1, 0],[1, 5/2, 0]] 

-1/4
10
-5
1
[[1/2, -1, 0],[2, -5, 1],[1, -5/2, -1/2]] 

20
-79/2
-5
2
[[-2, 0, 2],[4, -1/2, -2],[-2, 20, 1]] 

13
-90/13
-5
3
[[1, 1, -1],[21/13, -5/13, -8/13],[3, -5, -2]] 

20
4
-5
4
[[0, 0, 1],[0, 1, 0],[4, 0, 0]] 

475/4
1096/19
-5
5
[[1/2, 2, 2],[128/95, 322/95, -58/95],[40, 15, -1]] 

16
-825/16
-5
6
[[-2, 1, 1],[39/8, -15/16, -23/16],[3, 10, -3]] 

567/4
-1480/81
-5
7
[[0, 1/2, -2],[-2, -40/81, -2/81],[7, 20, 1]] 

13
120/13
-5
8
[[1, 1, 1/2],[20/13, 20/13, -3/13],[8, 5, 0]] 

40
27/8
-5
9
[[-1, 0, 1],[-9/8, -1, 1/8],[-9, -5, 1]] 

-15/2
675
-5
10
[[2, 0, 1/2],[15, 0, 6],[0, -45/2, 0]] 

-176
-40/11
-4
-10
[[2, 0, -2],[-10/11, 0, -1/11],[0, 8, 0]] 

-601/4
-3600/601
-4
-9
[[1, -1/2, 2],[576/601, -288/601, -50/601],[9, 8, 0]] 

-134
-3520/67
-4
-8
[[1, 1/2, 2],[-60/67, -164/67, 14/67],[40, -8, -2]] 

-44
-7
-4
-7
[[-2, 2, 0],[0, 0, 1/2],[7, 4, 0]] 

-97
-2334/97
-4
-6
[[1/2, 0, -2],[12/97, 2, 1/194],[24, -1, 1]] 

-21
-185/84
-4
-5
[[-2, 0, 1/2],[5/21, 1/2, 4/21],[-5/4, 2, -1]] 

-84
-60/7
-4
-4
[[1, 2, -2],[10/7, -1/7, 1/7],[0, -12, -3]] 

-12
-52
-4
-3
[[0, -2, 0],[-1, 0, -2],[12, 0, -2]] 

-38
-196/19
-4
-2
[[-1, -1, 2],[-15/19, -34/19, -8/19],[8, -8, 1]] 

-20
-4/5
-4
-1
[[2, 0, -1],[1/5, 0, 2/5],[0, -4, 0]] 

5
-1/5
-4
1
[[0, 1, -1],[-1/2, 4/5, 1/5],[-1, 2, 1/2]] 

28
-249/14
-4
2
[[-1, 0, -2],[-16/7, 1/2, -4/7],[-2, 16, -1/2]] 

24
75/8
-4
3
[[0, 2, -1],[0, 5/4, 5/8],[-15/2, 0, 0]] 

3
52
-4
4
[[1/2, -1, 0],[2, -1, -2],[-8, 4, 3/2]] 

21
-85/3
-4
5
[[-1, 2, 1/2],[10/3, -5/3, 1/3],[-15/2, 8, -5]] 

48
44
-4
6
[[0, -2, 1],[1, -2, -1],[-24, 4, 2]] 

55/4
224/5
-4
7
[[-2, 1/2, -1],[-14/5, 16/5, -2/5],[-21, 8, -5]] 

64
-3
-4
8
[[0, -2, 1],[-1, 1/4, 1/8],[4, -4, -2]] 

153
256/17
-4
9
[[0, -1, 2],[-1, -24/17, -3/17],[-27, -8, -1]] 

10
-6
-4
10
[[0, -1, 0],[-2, 0, 1/2],[5, 0, -2]] 

-163/4
-3930/163
-3
-10
[[1/2, -1, -1],[-380/163, 108/163, -55/163],[10, 15/2, -2]] 

-219/4
-1485/292
-3
-9
[[-2, -2, -1/2],[-81/73, 57/146, -2/73],[9/4, 3/2, -3]] 

-50
-123/25
-3
-8
[[-2, 2, 1/2],[-27/25, -21/50, 1/50],[2, -3/2, 3]] 

-10
-21/10
-3
-7
[[-1, -1, 0],[7/10, -3/10, 0],[0, 0, 1]] 

-21
-72/7
-3
-6
[[1, 0, -1],[-12/7, 0, -2/7],[0, 6, 0]] 

-17
-1035/17
-3
-5
[[-2, -1, 0],[5/17, -6/17, -2],[10, -12, 1]] 

-22
-174/11
-3
-4
[[-1, 2, -1/2],[-1/11, -9/11, -23/22],[-10, -3, 1]] 

-24
-9
-3
-3
[[-2, 1, 1],[0, 3/2, -1/2],[-6, -3, -3]] 

-55/2
-432/55
-3
-2
[[-1, 1/2, 2],[-4/55, -108/55, 8/55],[8, 0, 2]] 

-7/4
-33/7
-3
-1
[[-1/2, 1, 0],[4/7, 6/7, 1],[1, 3/2, -1]] 

-8
9/8
-3
1
[[-2, -1, 1],[1/4, 9/8, -1/8],[1, 0, -2]] 

-1
51/2
-3
2
[[1, 1, 0],[-1, -3/2, -2],[4, 6, -1/2]] 

33
12
-3
3
[[1, 0, 2],[0, 2, 0],[12, 0, 2]] 

4
-9
-3
4
[[0, -1, 0],[2, 0, -1/2],[-2, 0, 2]] 

48
-135/16
-3
5
[[-2, 0, -2],[15/8, 0, 3/8],[0, -9, 0]] 

6
15
-3
6
[[0, -1, 0],[1, 0, -1],[-6, 0, 1]] 

23/2
126/23
-3
7
[[-1/2, 1, 1/2],[35/23, -24/23, 11/23],[-7, 3, -1]] 

21/4
-24/7
-3
8
[[1/2, 0, -1/2],[-8/7, 0, 1/7],[0, 3/2, 0]] 

15/4
-126
-3
9
[[1, 0, -1/2],[9, 1, -2],[-9/2, -15/2, 1]] 

-3
35/2
-3
10
[[-1, 0, 0],[0, -1, -1/2],[0, -3/2, 1]] 

-60
-31/2
-2
-10
[[0, 2, 1],[2, 1/2, -1/2],[-15, 4, -4]] 

-56
-171/14
-2
-9
[[-1, 2, 1],[-9/28, 9/14, -19/28],[-18, -2, 0]] 

-2
-18
-2
-8
[[0, -1/2, 0],[1, 0, -1],[4, 0, 1/2]] 

-71
-1561/142
-2
-7
[[-2, -1, -2],[-154/71, -6/71, 47/142],[-7/2, 10, -2]] 

-54
-16/3
-2
-6
[[0, -1, 2],[0, 8/9, 2/9],[-12, 0, 0]] 

-12
-20/3
-2
-5
[[-1, 0, 1],[5/6, 1, 1/6],[-5, 2, -1]] 

-9
-104/9
-2
-4
[[0, -1/2, 1],[2, 8/9, 2/9],[-4, 4, 1]] 

-14
-171/7
-2
-3
[[-1, 2, 0],[-3/7, -1/7, 2],[12, 4, 1]] 

-1
-8
-2
-2
[[0, 0, -1/2],[0, 2, 0],[2, 0, 0]] 

-14
-20/7
-2
-1
[[-2, -2, 1],[4/7, -10/7, -2/7],[2, 0, 4]] 

1/2
4
-2
1
[[-1/2, -1, 0],[2, 2, 2],[2, 2, 1]] 

16
15/16
-2
2
[[1, 1, 2],[3/16, 11/16, -1/8],[3, 1, 1/2]] 

16
-33/4
-2
3
[[1, -2, -1],[-21/8, 5/4, -3/8],[-6, 6, -4]] 

8
4
-2
4
[[0, 0, 1],[0, -1, 0],[-4, 0, 0]] 

157/4
-1165/314
-2
5
[[1, 1/2, -2],[-505/314, 70/157, 34/157],[-5, 6, 5/4]] 

54
64/3
-2
6
[[0, 1, 2],[0, -16/9, 4/9],[-24, 0, 0]] 

17/2
-189/17
-2
7
[[-1, 1, -1/2],[49/17, -15/17, -1/17],[7/2, -3, -2]] 

56
160/7
-2
8
[[-2, 0, -2],[-16/7, 2, -2/7],[-32, 8, -4]] 

25
-9/34
-2
9
[[-1, -1, -1],[9/17, 3/17, -1/34],[-63/34, -19/17, 6/17]] 

59/2
-305/59
-2
10
[[-1/2, -1, 1],[-110/59, 16/59, 27/118],[5, -7/2, -2]] 

-25/2
-1
-1
-10
[[0, -1, -1/2],[-1, 0, 0],[0, 1/2, -1]] 

-1
-9
-1
-9
[[1, 0, 0],[0, -1, 0],[0, 0, -1]] 

-33
-32/33
-1
-8
[[1, 0, -2],[-32/33, 0, -2/33],[0, 2, 0]] 

-23/4
-7/23
-1
-7
[[-2, 0, -1/2],[7/23, 0, -4/23],[0, -1/2, 0]] 

-48
-16
-1
-6
[[0, -2, 2],[-2, 1, 1],[-24, -4, -4]] 

-6
-125/6
-1
-5
[[1, 1, 0],[5/6, -1/6, -2],[-10, 2, -1]] 

-5
-16/5
-1
-4
[[-1, 0, 1],[8/5, 0, 2/5],[0, 2, 0]] 

-3/4
-4
-1
-3
[[0, 0, -1/2],[1, 1, 0],[3/2, -1/2, 0]] 

-16
-5/4
-1
-2
[[0, -2, 2],[1/2, 1/2, 1/2],[-4, 1, 1]] 

-2
-57/8
-1
-1
[[-1, 0, -1],[-5/4, 2, 5/4],[2, 5/2, -2]] 

3
-3/4
-1
1
[[1, 0, 2],[-1, 0, -1/2],[0, -3/2, 0]] 

-3/2
35/3
-1
2
[[2, -1/2, -1],[11/3, -8/3, -7/3],[3, 1, -7/2]] 

12
3
-1
3
[[0, 2, 0],[0, 0, 1],[-6, 0, 0]] 

4
4
-1
4
[[0, -1, 0],[0, 0, -1],[-4, 0, 0]] 

25/4
3
-1
5
[[0, 1/2, 1],[-1, 4/5, -2/5],[5, -1, 1/2]] 

15/2
19/20
-1
6
[[0, 1, -1/2],[1/2, -1/5, -2/5],[3, -1/4, -1/2]] 

52
14/13
-1
7
[[-2, -2, 2],[-21/13, -8/13, -5/13],[-14, -4, -2]] 

-4
2
-1
8
[[-2, 0, 0],[0, 1/2, 0],[0, 0, -1]] 

35
36
-1
9
[[-1, 2, 0],[0, 0, -2],[36, -2, 0]] 

20
4
-1
10
[[0, 1, 1],[1, 1/2, -1/2],[10, 1, -1]] 

-30
10/3
1
-10
[[0, -2, -1],[0, -1/3, -2/3],[10, 0, 0]] 

1
9
1
-9
[[1, 0, 0],[0, 0, -1],[0, -1, 0]] 

-31/4
190/31
1
-8
[[1/2, -1, 0],[-64/31, 4/31, -1/2],[4, -1/4, -2]] 

21
-445/12
1
-7
[[0, 1, 2],[-1/2, -8/3, -4/3],[28, 1, 1/2]] 

19
-36/19
1
-6
[[-1, 1, 2],[-6/19, -13/19, -7/19],[6, 1, 1]] 

21
15/7
1
-5
[[-1, 0, 2],[10/7, 0, 1/7],[0, -3, 0]] 

-2
2
1
-4
[[-1, 1, -1/2],[1, 0, -1/2],[-2, 1, -1]] 

4
-3
1
-3
[[1, 0, 1],[0, 1, 0],[-3, 0, 1]] 

6
-2/3
1
-2
[[0, -1, 2],[0, 2/3, -1/3],[-2, 0, 0]] 

-1
4
1
-1
[[0, -1, 0],[0, 0, -2],[2, 0, 0]] 

3/4
1
1
1
[[0, 1, -1/2],[-1, 0, 0],[0, -1/2, 1]] 

5/2
12/5
1
2
[[-2, 1/2, 1],[2/5, -8/5, -6/5],[-2, 2, 3]] 

4
-12
1
3
[[-2, 0, 0],[0, 0, -2],[0, 4, 0]] 

4
-3
1
4
[[0, -1, 0],[-1, 0, -1],[-4, 0, -1]] 

61/4
180/61
1
5
[[1/2, -2, -1],[130/61, 29/61, 45/61],[5, 5/2, 9/2]] 

5/2
12/5
1
6
[[-1, 1/2, 0],[6/5, 2/5, 0],[0, 0, -1]] 

25/4
-224/25
1
7
[[-1, 1, 1/2],[-14/25, 14/25, 32/25],[-7, -1, 0]] 

7
-74/7
1
8
[[1, 1, 1/2],[-2/7, 5/7, 19/14],[-8, 3/2, 1]] 

-36
37/4
1
9
[[0, 0, -2],[-1/2, 1, 0],[-18, -1, 0]] 

-5/2
40
1
10
[[0, 0, 1/2],[0, 2, 0],[10, 0, 0]] 

-8
45
2
-10
[[1, 1, 0],[5, 1, -1/2],[-5, -1, -4]] 

281/4
1341/562
2
-9
[[1/2, 1/2, 2],[-315/281, -34/281, 9/562],[9/4, 9/2, 1/2]] 

8
4
2
-8
[[0, -1, 1],[2, 1, -1/2],[-4, -4, 2]] 

7
-6
2
-7
[[0, -1, -1],[-2, -2, -1],[-7, -4, -2]] 

42
-286/7
2
-6
[[0, -1, 2],[-1, -20/7, 5/7],[30, 4, -1]] 

37/4
705/74
2
-5
[[-2, -1/2, 1/2],[-85/74, -6/37, -31/37],[5/2, 9/2, -1/4]] 

1/2
2
2
-4
[[1/2, 0, 0],[0, 0, 1/2],[0, 1/2, 0]] 

-11/2
156/11
2
-3
[[-1/2, 2, 1],[12/11, -26/11, -24/11],[-6, 0, -1]] 

2
1/2
2
-2
[[1, 0, 0],[0, 1/2, 1/2],[0, 1, 1/2]] 

4
-16
2
-1
[[2, -2, 0],[3, -6, 1],[-2, 4, -6]] 

2
4
2
1
[[0, 2, 1],[-2, -2, -2],[2, 4, 4]] 

9/2
-2
2
2
[[-2, -1/2, 1],[-1, 0, 1],[1, -2, -1/2]] 

5
-54/5
2
3
[[2, 1, -1],[-9/5, -12/5, 12/5],[0, 6, -3]] 

4
-27
2
4
[[-1, -1, 1/2],[-3/2, -3/2, 9/4],[6, -3, 0]] 

-123/4
2560/123
2
5
[[-2, -1/2, -2],[-40/123, -256/123, -40/123],[20, 0, 4]] 

19/2
219/38
2
6
[[2, 1/2, 0],[45/38, -30/19, -1],[3, -4, -15/4]] 

-41
210/41
2
7
[[-2, -1, 2],[-56/41, -28/41, 15/41],[-7, 4, 0]] 

-14
78/7
2
8
[[0, 1/2, -1],[1, -8/7, 2/7],[8, 2, -1/2]] 

-36
113
2
9
[[0, 2, -2],[1/2, 5, -5/2],[-45, 2, -1]] 

28
5/14
2
10
[[-2, 2, -1],[5/14, 1/7, -1/14],[0, 1, -1]] 

92
-330/23
3
-10
[[2, 2, -2],[-10/23, -33/23, 10/23],[-20, 0, -2]] 

423/4
-1164/47
3
-9
[[0, 1/2, 2],[2, -96/47, -8/47],[36, -12, -1]] 

1
-168
3
-8
[[-1, -1, 1/2],[16, 15, -6],[-12, -6, 1]] 

-4
105/4
3
-7
[[-1, 1, 0],[-7/4, 3/4, 1],[7, -3, 1]] 

3
-3/2
3
-6
[[-1, 0, 0],[0, 1/2, 0],[0, 0, -1/2]] 

-2
255/4
3
-5
[[-1, 2, 1],[5, -21/2, -6],[-15/2, 3, 1/2]] 

15
28/5
3
-4
[[-1, 0, -1],[8/5, -1, -2/5],[-4, 6, 1]] 

-1/5
45/4
3
-3
[[13/15, -14/15, 2/15],[1, -1/2, -1],[3, -3, 1/2]] 

67/4
-126/67
3
-2
[[-1/2, 2, -2],[-40/67, 93/67, -26/67],[4, -3, 1/2]] 

14
75/14
3
-1
[[2, 1, 1],[-4/7, 3/14, 17/14],[1, 9, 1]] 

-2
9/2
3
1
[[0, -1, 1],[1, 3/2, -1/2],[1, -3, 1]] 

20
-6/5
3
2
[[-2, 2, 0],[4/5, 6/5, 1],[-4, -6, -4]] 

-6
21/4
3
3
[[1, 0, -1],[3/2, 1/2, -1/2],[-3/2, 3, 1/2]] 

-41
1680/41
3
4
[[-1, -1, -2],[32/41, -132/41, -18/41],[24, 6, 4]] 

-12
155/4
3
5
[[-1, 0, 1],[-15/4, -1, 3/4],[-5, 9, 1]] 

9
8
3
6
[[-1, 1, 0],[4/3, 2/3, 0],[0, 0, -2]] 

-21
19/4
3
7
[[0, 0, -1],[-1, -1/2, 0],[7/2, -3, 0]] 

-21
278/7
3
8
[[-1, 0, -1],[-12/7, 2, -3/14],[-16, -9/2, -2]] 

3
-99
3
9
[[-1, 0, 0],[0, -1, 2],[0, -6, 1]] 

11/2
585/22
3
10
[[-1, -1/2, 0],[-25/11, 15/11, -1/2],[-5/2, 3/2, -5/2]] 

4
75/2
4
-10
[[1, 0, 0],[0, 1/2, 1],[0, 4, 1/2]] 

160
108/5
4
-9
[[2, 0, 2],[-18/5, -2, 2/5],[36, 32, -4]] 

28
8
4
-8
[[1, -1, -1],[-2, 1, 0],[8, -8, -1]] 

116
-7/4
4
-7
[[1, 0, 2],[0, 1/2, 0],[-7, 0, 1/2]] 

22
234/11
4
-6
[[-2, 0, 1/2],[15/11, -1, 10/11],[3, -10, 2]] 

84
100/7
4
-5
[[1, 0, -2],[15/7, -1, 3/14],[-10, 18, -1]] 

-9
4
4
-4
[[-1, -7/2, -3/2],[1, 2, 1],[-2, 2, 3/2]] 

13
-69/13
4
-3
[[2, -1, 0],[9/13, -24/13, -1/2],[3/2, -4, -3]] 

34
-121/17
4
-2
[[1, -1, 2],[19/34, -35/17, 2/17],[8, -4, -3/2]] 

19
192/19
4
-1
[[2, 1, 1],[-12/19, 32/19, 32/19],[0, 16, 4]] 

-47/4
252/47
4
1
[[1, -1/2, 2],[-63/47, 8/47, -32/47],[0, 8, -1/2]] 

17/2
-1016/17
4
2
[[2, -1/2, 1],[62/17, -24/17, 65/17],[1, 16, -1]] 

4
-48
4
3
[[-1, -2, 1],[3, 6, -4],[-6, 4, 0]] 

1
-19
4
4
[[1, -1/2, 1/2],[11/2, -1, 3],[4, 1, 7/4]] 

36
20/9
4
5
[[2, 2, 0],[5/9, -4/9, 0],[0, 0, -2]] 

-96
3/2
4
6
[[0, 0, 2],[0, 1/2, 0],[6, 0, 0]] 

32
-7/2
4
7
[[1, 2, 0],[-7/8, 1/4, 1/2],[-7, 2, 2]] 

-124
376/31
4
8
[[-1, 0, -2],[32/31, 1, 2/31],[-16, 8, -1]] 

52
81/13
4
9
[[-2, 2, 0],[27/26, 6/13, 0],[0, 0, -3]] 

1
-1760
4
10
[[1/2, 1, 1/2],[-20, -40, -22],[20, -4, 0]] 

35/2
85/14
5
-10
[[-2, 1/2, 0],[3/7, -6/7, -1/2],[-5/2, 5, 3/2]] 

9/4
-3645/4
5
-9
[[0, -1, 1/2],[0, -45/2, 9],[81/4, 0, 0]] 

-3
160/3
5
-8
[[-1, -1, 0],[-8/3, -5/3, -1],[8, 5, -1]] 

40
21/2
5
-7
[[1, 0, -1],[7/4, -1, 1/4],[-7, 10, -1]] 

6
-5/2
5
-6
[[0, 1/2, -1/2],[1, 5/4, -1/4],[3, 5/2, -1/2]] 

20
-145/16
5
-5
[[0, -1, -1],[-1, 15/8, 3/8],[15/2, -5, -1]] 

10
37/2
5
-4
[[1, 0, 1/2],[-3/2, -1, 3/4],[2, 15/2, -1]] 

12
20
5
-3
[[0, 1, -1],[-2, 0, 0],[0, -10, 2]] 

-2
15
5
-2
[[0, 1, 0],[1, 0, -1],[-2, 0, -1]] 

36
175/18
5
-1
[[2, -2, -2],[17/18, 5/9, 19/18],[-1, 20, 3]] 

-79/4
895/79
5
1
[[0, -1/2, -2],[1, 200/79, 10/79],[-5, 10, 1/2]] 

-20
8
5
2
[[2, 0, -2],[0, -2, 0],[8, 0, -4]] 

17/4
-195/17
5
3
[[-1/2, -1, 0],[12/17, -10/17, 1],[3, -5/2, 1]] 

-56
200/7
5
4
[[-2, 1, -2],[18/7, 5/7, 4/7],[-8, 20, -4]] 

-25/4
10
5
5
[[0, 0, 1/2],[1, 1, 0],[5/2, -5/2, 0]] 

33/2
-8615/44
5
6
[[0, -2, 1/2],[-1/2, 85/22, -34/11],[-51/2, 5/4, -1]] 

12
35/12
5
7
[[-1, -1, 0],[7/12, -5/12, 0],[0, 0, 1]] 

5
8
5
8
[[1, 0, 0],[0, 1, 0],[0, 0, 1]] 

-4
1845/16
5
9
[[1, -2, 1],[-45/8, 45/4, -41/8],[9, 5/2, 0]] 

10
-180
5
10
[[0, -1, 0],[-2, 0, -2],[-20, 0, -2]] 

14
15
6
-10
[[-2, -1, 0],[0, 0, 1/2],[-5, -6, 0]] 

15
-72/5
6
-9
[[2, 1, 0],[-6/5, -8/5, 0],[0, 0, -2]] 

11/2
-1008/11
6
-8
[[-1/2, -1, 1/2],[8/11, 60/11, -19/11],[-8, 3, -2]] 

24
-7
6
-7
[[2, 0, 0],[0, -1, 0],[0, 0, -2]] 

30
-36/5
6
-6
[[0, 1, -1],[0, -6/5, 1/5],[-6, 0, 0]] 

6
115
6
-5
[[1, 0, 0],[0, -1, 2],[0, 12, -1]] 

8
-24
6
-4
[[0, -2, 1],[-2, -6, 2],[8, 12, -4]] 

39
171/26
6
-3
[[2, -1, -1],[-9/13, -15/13, -17/26],[-3/2, -12, -3]] 

12
16
6
-2
[[0, 0, -1],[-2, 2, 0],[4, -12, 0]] 

6
23
6
-1
[[-1, 0, 0],[0, -1, 2],[0, -12, 1]] 

-10
45/2
6
1
[[-1/3, 0, 4/3],[-2, 0, 1/2],[0, 15, 0]] 

-4
111/2
6
2
[[0, -2, -1],[1/2, -9, -3],[6, 3, 1]] 

-69
6
6
3
[[0, 1, 2],[1, 0, 0],[0, -12, -1]] 

-92
24/23
6
4
[[0, -1, 2],[0, -12/23, 1/23],[-4, 0, 0]] 

14
-975/7
6
5
[[2, 2, -1],[40/7, 33/7, -27/7],[15, -12, -2]] 

-30
324/5
6
6
[[1, 0, 1],[18/5, 0, 3/5],[0, -18, 0]] 

-81/2
56/9
6
7
[[1/2, 0, -1],[28/27, 0, -2/27],[0, 6, 0]] 

-22
138/11
6
8
[[-2, 1/2, -1],[23/11, -3/11, 6/11],[0, 6, -1/2]] 

24
9
6
9
[[-2, 0, 0],[0, 1, 0],[0, 0, -2]] 

-5
15/2
6
10
[[0, -1, -1/2],[0, -3/2, -1/2],[5/2, 0, 0]] 

67
1190/67
7
-10
[[1, 1, 1],[130/67, 63/67, -4/67],[-10, -14, -1]] 

216
-133/8
7
-9
[[0, -2, 2],[1, 7/4, -1/4],[-27, -14, 2]] 

56
-8
7
-8
[[0, 0, 1],[0, -1, 0],[8, 0, 0]] 

777/4
-28/111
7
-7
[[0, 1/2, -2],[2, 224/111, -8/111],[28, 28, -1]] 

144
-7
7
-6
[[0, -2, -2],[0, 7/6, 1/6],[12, 0, 0]] 

147
5/2
7
-5
[[-1, 0, 2],[-5/7, -1/2, -1/14],[5, 21/2, 1/2]] 

35
112/5
7
-4
[[1, 0, 1],[8/5, 0, -2/5],[0, -14, 0]] 

193/4
1344/193
7
-3
[[-2, 1/2, 1],[150/193, 252/193, 118/193],[-3, -14, -3]] 

5
14
7
-2
[[-1, 1, 0],[0, 0, -1],[-2, 7, 0]] 

103/4
84/103
7
-1
[[1/2, 2, -2],[88/103, -266/103, 60/103],[-4, 14, -3]] 

8
-889/32
7
1
[[-1, 1, 0],[-1/16, -7/16, 2],[-2, -14, 1/2]] 

16
-84
7
2
[[2, -1, 1],[3, -7/2, 7/2],[0, 28, -4]] 

-21/4
28
7
3
[[0, 0, -1/2],[-2, 0, 0],[0, -7, 0]] 

22
91/11
7
4
[[-2, 1/2, 1/2],[-7/11, -35/22, 9/22],[-4, -7/2, 7/2]] 

-140
7
7
5
[[0, 0, -2],[-1, 0, 0],[0, -14, 0]] 

-29
210/29
7
6
[[-1, 1, 1],[-6/29, 35/29, 6/29],[6, 0, -1]] 

35/2
-3353/40
7
7
[[2, 1/2, 1/2],[-17/5, 13/20, -37/20],[35/4, -14, 3]] 

-47
5376/47
7
8
[[-1, -1/2, -1],[-120/47, -154/47, -26/47],[24, -14, 2]] 

-243
133/3
7
9
[[0, -1, 2],[1, -56/27, 4/27],[-36, -14, 1]] 

-263
5040/263
7
10
[[1, -1, -2],[-410/263, 147/263, 31/263],[-10, -21, -1]] 

-8
205/8
8
-10
[[-1/2, -1, 0],[-15/16, -3/8, -1/2],[5, 2, -3/4]] 

95
504/95
8
-9
[[2, -1, -1],[-63/95, -16/95, -16/95],[0, -8, -1]] 

56
208/7
8
-8
[[0, 1, -1],[2, 4/7, -1/14],[4, 16, -2]] 

224
1
8
-7
[[0, 0, -2],[-1, 1, 0],[14, -16, 0]] 

42
-108/7
8
-6
[[0, 1, -1],[0, 12/7, -3/14],[9, 0, 0]] 

32
20
8
-5
[[2, 0, 0],[0, 2, -1],[0, -16, 4]] 

120
832/15
8
-4
[[-1, -2, -2],[-44/15, -28/15, 2/15],[-16, -48, -4]] 

93
-238/31
8
-3
[[0, -1, 2],[1, 72/31, -9/62],[-27/2, -16, 1]] 

70
34/5
8
-2
[[-1, 1, -2],[9/10, -2/5, -1/5],[-2, 16, -1/2]] 

127/4
8
8
-1
[[0, 1/2, -2],[1, 0, 0],[0, 16, -1/2]] 

97/4
-3368/97
8
1
[[-2, -1/2, 1],[118/97, 272/97, -253/97],[3/2, 32, -5]] 

-30
416/5
8
2
[[2, -1, -2],[-22/5, 16/5, 12/5],[-8, -32, 2]] 

-88
156/11
8
3
[[1, 0, -2],[6/11, -2, -1/11],[12, 8, -2]] 

12
2/3
8
4
[[-1, 1, 0],[1/6, 1/3, 0],[0, 0, -1/2]] 

-123/4
1240/123
8
5
[[1, 1/2, 1],[155/123, 16/123, 32/123],[0, -8, -1/2]] 

-192
32
8
6
[[0, 0, 2],[1, 2, 0],[24, -16, 0]] 

-222
6377/111
8
7
[[1/2, 0, 2],[280/111, -1, 10/111],[-14, -40, -1/2]] 

-62
32
8
8
[[0, -1/2, 1],[-2, 0, 0],[0, 16, -1]] 

-271
2520/271
8
9
[[1, -1, 2],[9/271, -280/271, 18/271],[-18, 0, -1]] 

-72
440/9
8
10
[[-1, 0, -1],[-10/9, -2, -1/9],[20, -8, 2]] 

-31/4
11970/31
9
-10
[[-1/2, -1, 0],[60/31, 27/31, -2],[20, 9, 3/2]] 

360
-36
9
-9
[[2, 0, -2],[0, -2, 0],[-36, 0, -4]] 

9/4
286
9
-8
[[-1/2, 0, 0],[0, -1/2, 2],[0, -9, 1/4]] 

92
63/92
9
-7
[[-2, -1, 1],[-35/46, -81/92, -11/92],[7, 9, 1]] 

225/4
264/25
9
-6
[[1/2, 0, -1],[-48/25, 2, -4/25],[12, -18, 1]] 

729/4
275/36
9
-5
[[-1/2, 0, 2],[80/81, 1/2, 4/81],[-5, -18, -1/4]] 

36
140
9
-4
[[2, 0, 0],[0, 1, -2],[0, -36, 2]] 

249/4
5076/83
9
-3
[[2, 1/2, -1],[-144/83, -36/83, -94/83],[-3, -36, 0]] 

16
27
9
-2
[[0, -1, -1],[2, -9/4, -1/4],[-4, 18, 2]] 

29/4
9/29
9
-1
[[1/2, 2, 1],[-22/29, 144/29, 43/29],[-2, 27/2, 4]] 

-5/4
36
9
1
[[0, -1, 1/2],[-2, 0, 0],[0, 9, -2]] 

-61
1872/61
9
2
[[1, -1, 2],[-76/61, 198/61, -30/61],[12, 18, 2]] 

-18
33/2
9
3
[[-1, 0, 1],[3/2, -1, -1/2],[-3, -9, 1]] 

16
-333/16
9
4
[[2, -2, 1],[21/8, -9/8, 25/16],[8, 9/2, 3]] 

-151/4
6255/151
9
5
[[1/2, 1, -1],[-310/151, 135/151, 16/151],[-5, -18, 5/2]] 

-30
666/5
9
6
[[0, 2, 1],[-2, 27/5, 6/5],[18, 18, 4]] 

-245
9
9
7
[[0, 1, 2],[1, 0, 0],[0, -18, -1]] 

-244
5904/61
9
8
[[-2, 1, -2],[212/61, -45/61, 29/61],[8, 54, -2]] 

-1143/4
5751/508
9
9
[[-2, 1/2, 2],[-135/254, -126/127, 4/127],[-18, 9, 9/4]] 

40
-351
9
10
[[0, 2, 0],[-1, 0, -2],[40, 0, 2]] 

60
-800/3
10
-10
[[0, -2, 1],[0, -20/3, 4/3],[40, 0, 0]] 

10
351/4
10
-9
[[-1, 0, 0],[0, 1/2, -1],[0, 10, -1/2]] 

48
-80
10
-8
[[0, -2, 1],[-2, 5, -1],[-24, 20, -4]] 

223/4
12215/446
10
-7
[[2, 1/2, 1/2],[203/223, -5/223, -233/446],[-7/4, -15, -1/2]] 

226
-1680/113
10
-6
[[-1, -2, 2],[120/113, 240/113, -14/113],[-24, -20, 0]] 

45/4
10
10
-5
[[0, 1/2, 1/2],[-1, 0, 0],[0, 5, 1/2]] 

50
16
10
-4
[[2, 0, -1/2],[-4/5, -2, -4/5],[-4, -20, -4]] 

7
30
10
-3
[[-1, 1, 0],[0, 0, 1],[3, -10, 0]] 

1/2
20
10
-2
[[-1/2, 1, 0],[0, 0, -1],[-2, 5, 0]] 

83/2
2350/83
10
-1
[[2, -1, 1/2],[-37/83, 60/83, 136/83],[-2, 35, 1]] 

1/4
10
10
1
[[0, -1/2, 0],[1, 0, 0],[0, 0, 1/2]] 

-10
28
10
2
[[1, 0, -1],[-2, 2, 1],[-4, -10, 2]] 

29/2
90/29
10
3
[[-1/2, -2, 0],[-48/29, 40/29, 1],[6, -5, -4]] 

34
-200/17
10
4
[[2, 1, 1/2],[14/17, -10/17, 12/17],[-4, 10, -2]] 

-395/2
2380/79
10
5
[[-1/2, 0, 2],[-80/79, -2, 4/79],[-20, 20, 1]] 

31
-3105/31
10
6
[[-2, -1, -1/2],[-117/62, -105/62, -99/62],[-9/2, 45/2, 3/2]] 

-23/4
15330/23
10
7
[[-1, 1/2, 1/2],[294/23, -170/23, -101/23],[-21/2, -20, 1]] 

-308
60/77
10
8
[[-1, 1/2, -2],[20/77, -10/77, 3/154],[2, 5, 0]] 

-44
540/11
10
9
[[1, 2, 1],[45/22, -10/11, 1/22],[-9, -20, -5]] 

-175/2
18/7
10
10
[[1, 1/2, -1],[1/35, 18/35, -1/35],[-5, 0, 1/2]] 

