Zbasis_O = [
    Matrix(QQ, [
        [-1, 0, 0, 0],
        [ 0, -1, 0, 0],
        [ 0,  0, -1, 0],
        [ 0,  0,  0, -1]
    ]),
    Matrix(QQ, [
        [0, 0, 0, 0],
        [-3075398820, 0, 0, 0],
        [0, 0, 0, 0],
        [-3075398820, 0, 0, 0]
    ]),
    Matrix(QQ, [
        [0, 0, 0, 0],
        [3075398820, 0, 0, 0],
        [0, 0, 0, 0],
        [-3075398820, 0, 0, 0]
    ]),
    Matrix(QQ, [
        [4613098230, 0, 0, 0],
        [0, -1537699410, 0, 0],
        [0, 0, -1537699410, 0],
        [0, 0, 0, -1537699410]
    ]),
    Matrix(QQ, [
        [-1537699410, 0, 0, 0],
        [0, -1537699410, 0, 0],
        [0, 0, -1537699410, 0],
        [0, 0, 0, 4613098230]
    ]),
    Matrix(QQ, [
        [1537699410, 0, 0, 0],
        [0, -4613098230, 0, 0],
        [0, 0, 1537699410, 0],
        [0, 0, 0, 1537699410]
    ]),
    Matrix(QQ, [
        [0, 0, 0, 0],
        [0, 0, 0, 0],
        [0, -6150797640, 0, 0],
        [0, 0, 0, 0]
    ]),
    Matrix(QQ, [
        [0, 0, 0, 0],
        [0, 0, 0, 0],
        [0, 0, 0, 6150797640],
        [0, 0, 0, 0]
    ]),
    Matrix(QQ, [
        [0, 0, 0, 0],
        [0, 0, 0, 0],
        [0, 0, 0, 0],
        [0, 0, -6150797640, 0]
    ]),
    Matrix(QQ, [
        [0, 0, 0, 0],
        [0, 0, 0, 0],
        [0, 0, 0, 0],
        [0, -6150797640, 0, 0]
    ]),
    Matrix(QQ, [
        [-768849705, 6150797640, 0, 0],
        [0, 2306549115, 0, 0],
        [0, 0, -768849705, 0],
        [0, 3075398820, 0, -768849705]
    ]),
    Matrix(QQ, [
        [0, 0, 0, 0],
        [0, 0, -6150797640, 0],
        [0, 0, 0, 0],
        [0, 0, 0, 0]
    ]),
    Matrix(QQ, [
        [0, 0, 6150797640, 0],
        [0, 0, 3075398820, 0],
        [0, 0, 0, 0],
        [0, 0, -3075398820, 0]
    ]),
    Matrix(QQ, [
        [0, 0, 0, 0],
        [0, 0, 0, 6150797640],
        [0, 0, 0, 0],
        [0, 0, 0, 0]
    ]),
    Matrix(QQ, [
        [0, 0, 0, 0],
        [0, 0, 0, 0],
        [6150797640, 0, 0, 0],
        [0, 0, 0, 0]
    ]),
    Matrix(QQ, [
        [768849705, 0, 0, -6150797640],
        [0, 768849705, 0, -3075398820],
        [0, 0, 768849705, 0],
        [0, 0, 0, -2306549115]
    ])
]
